1.9958494577157928
0.0 2.620737616667803 2.58517618600934 2.5526156300510796 2.524239107360324 2.5005992056045376 2.4819174444675576 2.4681720881110496 2.4591619090649166 2.4547264360346888
2.6431894173371844 2.5996160303130273 2.561747908458871 2.5285530969129355 2.500184398812905 2.4768601269709434 2.458674942988002 2.445495819845782 2.43685102866428 2.4325702392029576
2.629958885034744 2.5871067125156046 2.547740147233095 2.5136441840074335 2.4850192641564415 2.4619039061082733 2.444340713189815 2.4321668437356463 2.4239660257539746 2.419767238998519
2.638832290809362 2.5849314316144576 2.5420949989345596 2.506812868626008 2.4778650023796667 2.4549188734658074 2.4381552821600097 2.4284060854591405 2.420538783929773 2.4160358864805462
2.6811204927057943 0.0 0.0 0.0 0.0 0.0 0.0 2.436044615934644 2.4269730106774294 2.4207483583055898
2.7029522763759757 0.0 0.0 0.0 0.0 0.0 0.0 0.0 2.443740242607249 2.431871941396336
2.7047553354418894 0.0 0.0 0.0 0.0 0.0 0.0 0.0 2.4568047195494858 2.443290543268515
2.6871272733598524 2.6646609119302456 2.640258992295496 2.614820044108353 2.588626587084075 2.5617104236894988 2.533797290469425 2.5037866955893806 2.4680508128703345 2.4526528301852912
2.673458945539104 2.64799300774708 2.622874903195692 2.5974245075023736 2.571509065633738 2.5452080436184974 2.5187752763506808 2.4928330608325497 2.4694185081467923 2.457051557540658
2.6663721930071596 2.6401095512554766 2.6145687303437546 2.589040619790429 2.5632893524816587 2.5374549837552607 2.5121010425946757 2.4884975911933953 2.4692259741560165 2.458651401578381
