0.8499339889281251
0.0 1.8286658481129279 1.8283853014187401 1.8279029425831463 1.8272582421670713 1.8264834093249354 1.8256125374422492 1.8246844355262535 1.8237433367316982 1.822838469586918 1.8220225298100903 1.821348765157593 1.820866365444685 1.820614236556378 0.0 0.0 0.0 0.0 0.0 0.0 0.0 0.0 0.0 0.0 0.0 0.0 0.0 0.0 0.0 0.0 0.0 0.0 0.0 0.0 0.0 0.0 1.5271161460876532 1.5271161464693865 1.5271161470092374 1.5271161473909685
1.8290581981617764 1.8288175953228656 1.8284611762856047 1.827943981562092 1.8272731583403363 1.8264716146649784 1.825570440351645 1.824607474852776 1.8236269955565783 1.8226792406132812 1.8218191838331386 1.8211039740940727 1.8205883278406922 1.8203173371354968 0.0 0.0 0.0 0.0 0.0 0.0 0.0 0.0 0.0 0.0 0.0 0.0 0.0 0.0 0.0 0.0 0.0 0.0 0.0 0.0 0.0 0.0 1.5275251747441332 1.527525175347862 1.5275251762016586 1.5275251768053808
1.829159846878082 1.8289504333804854 1.828567210533509 1.8280132677985097 1.8273000243659403 1.826448657056249 1.8254885492830146 1.824456625325947 1.823397285870964 1.8223624540167547 1.8214112503815534 1.8206085385746542 1.8200209388025623 1.8197081565280804 0.0 0.0 0.0 0.0 0.0 0.0 0.0 0.0 0.0 0.0 0.0 0.0 0.0 0.0 0.0 0.0 0.0 0.0 0.0 0.0 0.0 0.0 1.5283457119304442 1.5283457131062541 1.5283457147690827 1.5283457159448677
1.8293246560519778 1.8291135595615802 1.828704738825533 1.8281085002038369 1.827339165778498 1.8264177055101574 1.8253723287569386 1.8242388450474585 1.8230613097459998 1.8218930522165342 1.8207980021606773 1.8198517621511008 1.8191404629687398 1.8187522394272158 0.0 0.0 0.0 0.0 0.0 0.0 0.0 0.0 0.0 0.0 0.0 0.0 0.0 0.0 0.0 0.0 0.0 0.0 0.0 0.0 0.0 0.0 1.5295827046018706 1.5295827070294974 1.529582710462615 1.5295827128901496
1.8295414225499733 1.8293177712169362 1.8288777078314473 1.8282315778024254 1.827393951957237 1.8263849505188148 1.825231110499254 1.8239662124544385 1.822632495942622 1.821282712818652 1.8199836176327404 1.8188214991906324 1.8179090461374023 1.8173862016241666 0.0 0.0 0.0 0.0 0.0 0.0 0.0 0.0 0.0 0.0 0.0 0.0 0.0 0.0 0.0 0.0 0.0 0.0 0.0 0.0 0.0 0.0 1.531243539178929 1.5312435442583736 1.5312435514415508 1.5312435565206528
1.8298048588980635 1.8295641167043808 1.8290877719722878 1.82838503935642 1.8274693926132732 1.826359188065644 1.8250783394744465 1.8236571308063696 1.822133500133983 1.820555459033042 1.8189860624861398 1.8175139843001191 1.8162755713402636 1.815493811144918 0.0 0.0 0.0 0.0 0.0 0.0 0.0 0.0 0.0 0.0 0.0 0.0 0.0 0.0 0.0 0.0 0.0 0.0 0.0 0.0 0.0 0.0 1.5333379952079738 1.5333380058632846 1.5333380209312657 1.5333380315853014
1.8301096289925978 1.8298497477452755 1.829334071472463 1.828570499063933 1.8275707920869362 1.826350851443875 1.8249310695795504 1.8233367489717618 1.8215987392487951 1.8197547434655352 1.8178526040923204 1.8159598204683813 1.8141948610371168 1.812843744290177 0.0 0.0 0.0 0.0 0.0 0.0 0.0 0.0 0.0 0.0 0.0 0.0 0.0 0.0 0.0 0.0 0.0 0.0 0.0 0.0 0.0 0.0 1.5358781748069927 1.5358781971651139 1.5358782287809005 1.5358782511342688
1.8304482187996718 1.8301686824204648 1.8296129333687288 1.8287875439022745 1.8277023354296267 1.826370431946218 1.824808263544838 1.8230354015894545 1.8210740636211562 1.8189479575343033 1.8166795588786213 1.8142827903820287 1.8117393930014059 1.8089086895295146 1.8051376272559128 0.0 0.0 0.0 0.0 0.0 0.0 0.0 0.0 0.0 0.0 0.0 0.0 0.0 0.0 0.0 0.0 0.0 0.0 0.0 0.0 0.0 1.5388784010182357 1.538878447930248 1.5388785142612589 1.5388785611555424
1.8308098429439168 1.8305114153869715 1.829917235537401 1.8290326213832742 1.827865492825326 1.8264262806664613 1.8247276723590569 1.8227840027323412 1.820609947906574 1.8182178283594894 1.8156119588596842 1.8127763119266114 1.80964653882513 1.8060471223191976 1.801572140275463 1.795546264586436 1.7905378919236823 1.7862557676810815 1.782631820907675 1.7796735993894885 1.7774124891070622 1.7758824994668154 1.775110306820339 0.0 0.0 0.0 0.0 0.0 0.0 0.0 0.0 0.0 0.0 0.0 0.0 0.0 1.5423550766688754 1.5423551751100264 1.542355314279732 1.54235541265469
1.8311797312419726 1.8308643427110576 1.8302356802152273 1.829297951053703 1.828057399186368 1.82652216118035 1.8247019241896536 1.8226072011547356 1.8202479165408438 1.817630778608619 1.81475454872167 1.811601872224803 1.8081266348514524 1.8042410218898057 1.7998325303604545 1.794932191540539 1.7903255091107562 1.7862091038823906 1.7826625778643495 1.7797438140270962 1.777503669864897 1.7759845780811252 1.7752170617396101 0.0 0.0 0.0 0.0 0.0 0.0 0.0 0.0 0.0 0.0 0.0 0.0 0.0 1.5463264928640836 1.546326699513177 1.5463269915826479 1.5463271979843858
1.831538687046249 1.831209313096205 1.8305522096339735 1.829570658295039 1.8282695442094106 1.8266552481565774 1.824735381835884 1.8225182439076537 1.8200118319793568 1.8172222181036033 1.8141511646367727 1.8107933042089555 1.807134836944603 1.8031603580355642 1.7988844295469644 1.7944326680463276 1.7901351865789912 1.7862002228277971 1.782757213823263 1.7798974254529043 1.7776905574292396 1.7761893014475443 1.7754295465549643 0.0 0.0 0.0 0.0 0.0 0.0 0.0 0.0 0.0 0.0 0.0 0.0 0.0 1.5508125711522347 1.550813005262653 1.5508136185251131 1.5508140517104487
1.8318629435621516 1.8315234514798342 1.8308457290275086 1.8298323172063575 1.8284870559488828 1.826815073772973 1.824822701335175 1.8225172584712062 1.8199066842944405 1.816999058284502 1.813802276009964 1.810324658722104 1.8065783468557357 1.802589047996787 1.7984167012611068 1.794185106191635 1.7900883023786198 1.7862982943469798 1.782950272887948 1.7801494852038233 1.7779776102139424 1.776495600434197 1.7757443150082866 0.0 0.0 0.0 0.0 0.0 0.0 0.0 0.0 0.0 0.0 0.0 0.0 0.0 1.5558345125433475 1.555835425497413 1.555836714118025 1.555837623609888
1.8321243591207277 1.831779331404002 1.831090227105537 1.8300589969107104 1.828688678378082 1.82698350583308 1.8249490273919151 1.8225922308417635 1.8199217277486082 1.8169481468775281 1.813685078691411 1.8101512250542595 1.8063748021599937 1.8024013842108841 1.7983051529010747 1.7941987309700327 1.7902278619546481 1.7865389149330948 1.7832623888675725 1.7805081150624207 1.7783644260939566 1.7768979884743346 1.7761535336843064 0.0 0.0 0.0 0.0 0.0 0.0 0.0 0.0 0.0 0.0 0.0 0.0 0.0 1.5614143038040837 1.561416226877177 1.5614189371184086 1.5614208472261009
1.8322909706663135 1.8319455221096141 1.831255314848077 1.8302218073181113 1.828847378925671 1.8271355498698387 1.8250912702299973 1.8227213045942556 1.8200347888453443 1.817044122119209 1.8137664828475157 1.8102263972370056 1.8064598335127415 1.802519968109986 1.7984835804544412 1.7944546430583972 1.7905594794334 1.7869315640311234 1.7836979854678474 1.7809708842678524 1.7788428200612714 1.777384435004725 1.7766432906678842 0.0 0.0 0.0 0.0 0.0 0.0 0.0 0.0 0.0 0.0 0.0 0.0 0.0 1.5675739845110048 1.567578044626564 1.5675837509589963 1.5675877624989496
1.83232789529575 1.8319874961495792 1.831307152179075 1.8302878756240668 1.8289314401989054 1.8272406811376776 1.8252198966673738 1.8228753778744868 1.8202161353438053 1.8172549554575188 1.8140100014574008 1.8105072438957723 1.8067839783482669 1.8028933976603945 1.7989094029364687 1.7949295028435763 1.7910725081932408 1.7874689694438555 1.7842476314042008 1.7815244024844978 1.7793957214727085 1.7779352825512498 1.777192632483321 0.0 0.0 0.0 0.0 0.0 0.0 0.0 0.0 0.0 0.0 0.0 0.0 0.0 1.574334481415781 1.5743430819707722 1.5743551100277224 1.5743635285378734
1.8321985439448703 1.831868854922235 1.8312097024923786 1.830221659066168 1.8289058811095549 1.8272644551451207 1.8253008489790459 1.8230204782408075 1.8204314258908136 1.8175453978807452 1.8143790634996413 1.8109560087933818 1.8073096009228897 1.8034870457913856 1.7995546286667956 1.795603141068924 1.791750237869903 1.788133504269585 1.7848907759942967 1.7821450679036228 1.7799971841269628 1.7785231108986228 1.7777734482682892 0.0 0.0 0.0 0.0 0.0 0.0 0.0 0.0 0.0 0.0 0.0 0.0 0.0 1.581713612748266 1.5817319228652398 1.5817573020947222 1.581774929886581
1.8318660927043418 1.8315528123657676 1.8309262432006066 1.8299865009568144 1.828734082531889 1.8271702314852583 1.8252973925668632 1.823119736670891 1.8206437465267375 1.8178788761787128 1.8148383478617436 1.8115402608393676 1.8080094238669147 1.80428077631913 1.8004058921058892 1.7964640384523622 1.7925753810241205 1.7889003754011978 1.7855971445148016 1.782799698571017 1.7806128992678711 1.779113361764912 1.7783511975123003 0.0 0.0 0.0 0.0 0.0 0.0 0.0 0.0 0.0 0.0 0.0 0.0 0.0 1.5897224205878226 1.5897617099397887 1.589815293762591 1.5898520258127906
1.8312951450703163 1.8310038680001768 1.830421059259143 1.8295463512055294 1.8283795337849333 1.8269209291585842 1.8251718322525143 1.8231349649704773 1.8208148758837848 1.818218201882619 1.8153537083887765 1.8122320952033986 1.8088658599841971 1.8052704616037183 1.8014703961048812 1.797517975539326 1.7935330424778846 1.789737038305281 1.7863257325648807 1.7834453738315639 1.7812009471055275 1.7796656898088932 1.7788865366517406 0.0 0.0 0.0 0.0 0.0 0.0 0.0 0.0 0.0 0.0 0.0 0.0 0.0 1.5983579680051059 1.5984433614084617 1.5985564519645874 1.5986322628694538
1.8304535102572002 1.8301895954751148 1.8296612488923374 1.828867588055065 1.8278076529135396 1.8264807978661108 1.8248871356444283 1.823027952787726 1.8209059739297093 1.8185252837673445 1.8158906084769804 1.8130055182586997 1.8098690597166642 1.8064709675721016 1.8027892746215277 1.798807997822875 1.7946089645537013 1.7905957111711148 1.7870201408356257 1.784028402391666 1.781713048581979 1.7801362967165644 1.7793380445531521 0.0 0.0 0.0 0.0 0.0 0.0 0.0 0.0 0.0 0.0 0.0 0.0 0.0 1.6075882149353684 1.6077778003961238 1.608015830811289 1.6081695226463022
1.8293140159874424 1.8290824681717341 1.8286185709529645 1.8279208866726169 1.8269876569541552 1.8258172346710397 1.824408576906941 1.8227617101228157 1.8208780223848784 1.8187601307151797 1.8164108527386427 1.813830339866058 1.8110094024414012 1.8079150196199572 1.804461724994654 1.8004734447940047 1.795767060991041 1.7913905807588055 1.7875995079915716 1.7844837467144765 1.782097443302419 1.780481837722408 1.779666327292673 0.0 0.0 0.0 0.0 0.0 0.0 0.0 0.0 0.0 0.0 0.0 0.0 0.0 1.6173177654941089 1.6177536785625137 1.6182505098526423 1.61855204027043
1.82785626740515 1.8276616370284655 1.827271257972212 1.8266830771107165 1.8258944603615144 1.8249026896243576 1.8237055582193702 1.8223019958966968 1.8206926137482247 1.818879978988429 1.8168682447489686 1.8146612662405233 1.8122568052066605 1.8096289892874458 1.8066694790420958 1.8029627306205689 1.796825522266453 1.7919461054750514 1.7879504086589741 1.7847398803132737 1.7823056845295508 1.7806655785092766 1.7798395462121925 0.0 0.0 0.0 0.0 0.0 0.0 0.0 0.0 0.0 0.0 0.0 0.0 0.0 1.627302853343768 1.628362349444086 1.629376336646651 1.629933011164857
1.8260682571025877 1.8259145675463078 1.825605707280333 1.8251389165511525 1.8245105537010338 1.8237166696613216 1.8227537370233446 1.8216195056978446 1.8203139572645668 1.8188403438822354 1.8172063560873053 1.8154256849883876 1.8135211142439789 1.811533941592269 1.8095610073676498 1.8079187112838973 0.0 0.0 0.0 0.0 0.0 0.0 0.0 0.0 0.0 0.0 0.0 0.0 0.0 0.0 0.0 0.0 0.0 0.0 0.0 0.0 1.636916212371415 1.639708950344652 1.6416552897877306 1.6425678421502787
1.8239477267523083 1.8238384353295367 1.8236179477129435 1.8232826720543085 1.82282776142675 1.822247755348755 1.8215374294141393 1.8206928646076752 1.8197127808637403 1.818600256632633 1.8173651380242135 1.8160278819402889 1.8146266673781708 1.813232233314346 1.8119802744607383 1.8111347455005975 0.0 0.0 0.0 0.0 0.0 0.0 0.0 0.0 0.0 0.0 0.0 0.0 0.0 0.0 0.0 0.0 0.0 0.0 0.0 0.0 1.6444166594484513 1.6525901605525277 1.6556595930927982 1.6568073777986834
1.8215031819438046 1.8214411771311023 1.8213147685911897 1.8211193821265041 1.8208487157971691 1.8204954146847117 1.82005198547035 1.8195119842429104 1.8188715524365209 1.8181314544971632 1.8172999161312335 1.8163968173243537 1.8154601799669272 1.8145561716994818 1.813792550680076 1.8133266560749013 0.0 0.0 0.0 0.0 0.0 0.0 0.0 0.0 0.0 0.0 0.0 0.0 0.0 0.0 0.0 0.0 0.0 0.0 0.0 0.0 0.0 1.671259146483939 1.6722675174248085 1.6728744764047752
1.8187544720690298 1.818742102298762 1.8187143999326694 1.8186656560018841 1.8185878504577837 1.818471311768887 1.8183056174640937 1.818080771675928 1.8177887286974606 1.8174253806315006 1.816993187847801 1.8165046708241293 1.8159868805829915 1.8154863610353844 1.8150721223701862 1.8148292979413505 0.0 0.0 0.0 0.0 0.0 0.0 0.0 0.0 0.0 0.0 0.0 0.0 0.0 0.0 0.0 0.0 0.0 0.0 0.0 0.0 0.0 1.6895832370400352 1.689935154353082 1.6902031415998435
1.8157328684262886 1.8157719907882104 1.815846654095474 1.8159498912213266 1.8160717415466094 1.8161998437113698 1.8163202408969252 1.816418425238974 1.816480669292885 1.816495715383469 1.8164568999060065 1.8163647313656763 1.8162297123984483 1.8160746051664995 1.8159341639424254 1.8158487952702969 0.0 0.0 0.0 0.0 0.0 0.0 0.0 0.0 0.0 0.0 0.0 0.0 0.0 0.0 0.0 0.0 0.0 0.0 0.0 0.0 0.0 1.7081753612544766 1.7083031436687266 1.708413360045768
1.8124806053140252 1.812572637631674 1.812752477937947 1.8130118397444868 1.8133386966633531 1.8137177627141274 1.8141311327836096 1.8145590950214472 1.8149811417339456 1.8153772200589562 1.8157292629626953 1.8160229907850527 1.8162498136758412 1.816408323276724 1.816504340424214 1.816548115621645 0.0 0.0 0.0 0.0 0.0 0.0 0.0 0.0 0.0 0.0 0.0 0.0 0.0 0.0 0.0 0.0 0.0 0.0 0.0 0.0 0.0 1.7272010829173665 1.7272481769729204 1.7272915929561563
1.8090498873620375 1.809195845535487 1.8094829139564783 1.8099015165199395 1.810437581803929 1.8110728777232854 1.8117854359702745 1.8125500597588833 1.8133389219864664 1.8141222829177628 1.814869383001016 1.8155495849426682 1.8161338236805573 1.8165963352367385 1.8169164504580346 1.8170800188049663 0.0 0.0 0.0 0.0 0.0 0.0 0.0 0.0 0.0 0.0 0.0 0.0 0.0 0.0 0.0 0.0 0.0 0.0 0.0 0.0 0.0 1.7466704437458334 1.7466866966642471 1.7467021897121942
1.805501406838164 1.8057019111930779 1.8060975201513079 1.8066775080937947 1.807425958689651 1.808321937738316 1.8093396729495912 1.8104487098871294 1.811614025731914 1.8127961157260806 1.813951133150976 1.815031276688109 1.8159857863364262 1.8167631029670217 1.8173148412948212 1.8176019094056601 0.0 0.0 0.0 0.0 0.0 0.0 0.0 0.0 0.0 0.0 0.0 0.0 0.0 0.0 0.0 0.0 0.0 0.0 0.0 0.0 0.0 1.7665321410834178 1.766534128614254 1.766536012466484
1.8019024521448734 1.8021576912879245 1.8026623446705496 1.8034047939160607 1.804367670390087 1.8055278717718668 1.8068564972656802 1.8083186365218618 1.8098729507645033 1.8114710169727075 1.8130564961863016 1.8145643846518333 1.8159209804904397 1.8170457959162019 1.817857331164339 1.8182846920612714 0.0 0.0 0.0 0.0 0.0 0.0 0.0 0.0 0.0 0.0 0.0 0.0 0.0 0.0 0.0 0.0 0.0 0.0 0.0 0.0 0.0 1.7867064313509717 1.7866960048513862 1.7866858251942588
1.7983247188173312 1.7986343665015105 1.7992475880675314 1.8001522360319437 1.8013300626194697 1.8027566121082164 1.8044009497475317 1.8062251178714983 1.8081831897752922 1.8102197945085385 1.812268048906365 1.8142470416023726 1.8160595379897175 1.8175916982088838 1.8187185794093848 1.8193214414742376 0.0 0.0 0.0 0.0 0.0 0.0 0.0 0.0 0.0 0.0 0.0 0.0 0.0 0.0 0.0 0.0 0.0 0.0 0.0 0.0 0.0 1.807099401224147 1.8070656693314044 1.8070332795313966
1.7948419536722984 1.795205042756093 1.7959251102242069 1.7969899222617236 1.7983810644325755 1.8000737712210413 1.8020365344132605 1.8042303339322945 1.8066072769398256 1.8091083665729293 1.811660071353231 1.8141694079207582 1.8165176253851434 1.8185539461839721 1.820094653305372 1.8209412017735893 0.0 0.0 0.0 0.0 0.0 0.0 0.0 0.0 0.0 0.0 0.0 0.0 0.0 0.0 0.0 0.0 0.0 0.0 0.0 0.0 0.0 1.8276155696984837 1.8275231374016254 1.8274371780631777
1.7915275690357206 1.7919423359485354 1.7927659479845788 1.793986561247919 1.7955863739854805 1.7975414811058563 1.799821496277962 1.8023887534267893 1.8051968033861527 1.8081877712790568 1.8112878980210416 1.8144002146164684 1.8173928468634162 1.8200815395435135 1.8222085381521194 1.8234372300313 0.0 0.0 0.0 0.0 0.0 0.0 0.0 0.0 0.0 0.0 0.0 0.0 0.0 0.0 0.0 0.0 0.0 0.0 0.0 0.0 0.0 1.8481825055306267 1.847931986770668 1.8477125080911156
1.7884523561683463 1.7889160780827595 1.7898380007347752 1.7912071202639255 1.793006994516747 1.7952157239566102 1.7978057530373843 1.8007433094295695 1.8039871914744017 1.807486420228858 1.8111758811969034 1.814968228643525 1.8187384074775201 1.8222929987582546 1.825309508844174 1.8272324166775384 0.0 0.0 0.0 0.0 0.0 0.0 0.0 0.0 0.0 0.0 0.0 0.0 0.0 0.0 0.0 0.0 0.0 0.0 0.0 0.0 0.0 1.8688145996583556 1.8681240879296253 1.867582270654711
1.7856824057845146 1.7861912590682172 1.787204013011006 1.7887108631029347 1.7906973294332094 1.7931444565518604 1.7960289515050734 1.799323131190651 1.802994483665775 1.8070045265566084 1.8113063743645226 1.8158397012135588 1.8205195521643702 1.8252077389235881 1.8296260613633437 1.8330474293699826 0.0 0.0 0.0 0.0 0.0 0.0 0.0 0.0 0.0 0.0 0.0 0.0 0.0 0.0 0.0 0.0 0.0 0.0 0.0 0.0 0.0 1.889793659791799 1.8878255927171315 1.8865692980935929
1.7832773117969716 1.783826282138579 1.7849199372581492 1.7865498838103107 1.7887039620505956 1.7913667230568637 1.794520002654765 1.7981435479599808 1.802215664126755 1.8067139019754077 1.8116159662497555 1.816901480620326 1.822556659889422 1.8285889340735506 1.8350786673193673 1.8423845603356792 1.8520454238305166 0.0 0.0 0.0 0.0 0.0 0.0 0.0 0.0 0.0 0.0 0.0 0.0 0.0 0.0 0.0 0.0 0.0 0.0 0.0 1.925178237037399 1.9122179046706658 1.9063040983508863 1.9037951932331667
1.7812886973485034 1.781871567703307 1.7830337029658017 1.7847681498745824 1.7870651193872502 1.7899127497254919 1.7932981251784743 1.7972085827257194 1.8016334091940138 1.80656620132986 1.8120085634084775 1.8179767856019293 1.8245155425442892 1.8317287048843804 1.8398524477553024 1.8494293257992653 1.8616815270658253 1.8789438565186423 1.8942671769071846 1.9084412341329162 1.9216535594240285 1.9338825634698007 1.9450318617673394 1.954982084902558 1.9636133878295572 1.9708164457834254 1.9764984073575262 1.980586239766628 1.983028273066678 1.983793921546103 1.9828708431583408 1.9802576449899583 1.97594771721225 1.9698934779089556 1.9619229252662462 1.95152704565217 1.9372549493814173 1.9268528487206193 1.9206881780791167 1.917842174032809
1.779759066643143 1.7803684989943835 1.781584363070903 1.783400985814955 1.7858106833992435 1.7888047708264125 1.792374952843107 1.7965151685481455 1.8012240410551108 1.8065082413883544 1.812387387607724 1.8189017018307525 1.8261247315251437 1.834185004270977 1.8433008245613567 1.8538214383710907 1.8662025004019727 1.8805827734069895 1.8949228734103352 1.9087227905015332 1.9217800349165381 1.9339409166367538 1.9450592393489425 1.9549951703758814 1.9636199783498347 1.9708204286843871 1.976502120674233 1.9805918540496241 1.983039063850618 1.9838162073392147 1.9829178133502994 1.9803576979244644 1.9761637522348696 1.9703707817965952 1.9630195264304984 1.954209468119242 1.9444401587301579 1.936345407025627 1.9309101392677859 1.9282255676862934
1.7787209587009747 1.7793486718739666 1.7806015490714453 1.782474871978166 1.7849625234790676 1.7880581726191134 1.7917569196816967 1.7960574810134387 1.8009650460285656 1.806495013309094 1.8126778958532386 1.8195657072553637 1.8272398532363066 1.835819198386859 1.8454624689598904 1.856346605721709 1.8685749598328771 1.8819401477743167 1.8956148636945676 1.9090620282151596 1.9219438580639365 1.9340195454658478 1.94509693669988 1.9550134062727087 1.9636292265430622 1.970826040272149 1.976507359712652 1.9805997652635288 1.9830542216786695 1.9838473380447885 1.9829827734664955 1.9804935852356083 1.9764475817852565 1.9709607628716774 1.9642312634295105 1.9566222390087635 1.9488412391603807 1.9421612128611894 1.9374213081796816 1.9349908210291067
1.778196364157524 1.7788333960908864 1.7801051516102369 1.7820074211846526 1.7845349210426034 1.7876825677894843 1.7914472489597886 1.7958301641085177 1.8008398385495161 1.8064959188050977 1.812833780153278 1.819909647415506 1.827804983239141 1.836626638595904 1.8464947392906965 1.857503499792101 1.8696370921293115 1.8826485639891544 1.8960199637541462 1.9092760258450874 1.9220521033373525 1.9340729755118484 1.9451229839672057 1.95502613198303 1.963635719140465 1.9708299942032457 1.9765110558821948 1.9806053402565833 1.9830648730341376 1.9838691075391028 1.9830278260018745 1.980586514243242 1.9766371505760163 1.9713397302488793 1.9649624268160684 1.9579463231303205 1.9509762049495485 1.9449487149612525 1.9405861897691503 1.9383138561017752
0.0 0.0 0.0 0.0 0.0 0.0 0.0 0.0 0.0 0.0 0.0 0.0 0.0 0.0 0.0 0.0 0.0 0.0 0.0 0.0 0.0 0.0 0.0 0.0 0.0 0.0 0.0 0.0 0.0 0.0 0.0 0.0 0.0 0.0 0.0 0.0 0.0 0.0 0.0 0.0
0.0 0.0 0.0 0.0 0.0 0.0 0.0 0.0 0.0 0.0 0.0 0.0 0.0 0.0 0.0 0.0 0.0 0.0 0.0 0.0 0.0 0.0 0.0 0.0 0.0 0.0 0.0 0.0 0.0 0.0 0.0 0.0 0.0 0.0 0.0 0.0 0.0 0.0 0.0 0.0
0.0 0.0 0.0 0.0 0.0 0.0 0.0 0.0 0.0 0.0 0.0 0.0 0.0 0.0 0.0 0.0 0.0 0.0 0.0 0.0 0.0 0.0 0.0 0.0 0.0 0.0 0.0 0.0 0.0 0.0 0.0 0.0 0.0 0.0 0.0 0.0 0.0 0.0 0.0 0.0
0.0 0.0 0.0 0.0 0.0 0.0 0.0 0.0 0.0 0.0 0.0 0.0 0.0 0.0 0.0 0.0 0.0 0.0 0.0 0.0 0.0 0.0 0.0 0.0 0.0 0.0 0.0 0.0 0.0 0.0 0.0 0.0 0.0 0.0 0.0 0.0 0.0 0.0 0.0 0.0
0.0 0.0 0.0 0.0 0.0 0.0 0.0 0.0 0.0 0.0 0.0 0.0 0.0 0.0 0.0 0.0 0.0 0.0 0.0 0.0 0.0 0.0 0.0 0.0 0.0 0.0 0.0 0.0 0.0 0.0 0.0 0.0 0.0 0.0 0.0 0.0 0.0 0.0 0.0 0.0
0.0 0.0 0.0 0.0 0.0 0.0 0.0 0.0 0.0 0.0 0.0 0.0 0.0 0.0 0.0 0.0 0.0 0.0 0.0 0.0 0.0 0.0 0.0 0.0 0.0 0.0 0.0 0.0 0.0 0.0 0.0 0.0 0.0 0.0 0.0 0.0 0.0 0.0 0.0 0.0
0.0 0.0 0.0 0.0 0.0 0.0 0.0 0.0 0.0 0.0 0.0 0.0 0.0 0.0 0.0 0.0 0.0 0.0 0.0 0.0 0.0 0.0 0.0 0.0 0.0 0.0 0.0 0.0 0.0 0.0 0.0 0.0 0.0 0.0 0.0 0.0 0.0 0.0 0.0 0.0
0.0 0.0 0.0 0.0 0.0 0.0 0.0 0.0 0.0 0.0 0.0 0.0 0.0 0.0 0.0 0.0 0.0 0.0 0.0 0.0 0.0 0.0 0.0 0.0 0.0 0.0 0.0 0.0 0.0 0.0 0.0 0.0 0.0 0.0 0.0 0.0 0.0 0.0 0.0 0.0
0.0 0.0 0.0 0.0 0.0 0.0 0.0 0.0 0.0 0.0 0.0 0.0 0.0 0.0 0.0 0.0 0.0 0.0 0.0 0.0 0.0 0.0 0.0 0.0 0.0 0.0 0.0 0.0 0.0 0.0 0.0 0.0 0.0 0.0 0.0 0.0 0.0 0.0 0.0 0.0
0.0 0.0 0.0 0.0 0.0 0.0 0.0 0.0 0.0 0.0 0.0 0.0 0.0 0.0 0.0 0.0 0.0 0.0 0.0 0.0 0.0 0.0 0.0 0.0 0.0 0.0 0.0 0.0 0.0 0.0 0.0 0.0 0.0 0.0 0.0 0.0 0.0 0.0 0.0 0.0
