1.5211398656124013
0.0 2.8197302020771864 2.8322131567520232 2.827297443620365 2.796573385933543 2.7738883388320286 2.759390001789418 2.7532391056924324 2.7556488375033945 2.7669095087299804
2.822968964493238 2.845337979755126 2.858164401704892 2.861485913702056 0.0 0.0 0.0 0.0 0.0 2.7874026360945714
2.83897267969158 2.8593867533250186 2.872323212030961 2.8777554475144305 0.0 0.0 0.0 0.0 0.0 2.8176092127477324
2.843470147102062 0.0 0.0 0.0 0.0 0.0 0.0 0.0 0.0 2.858112254639399
2.8571873461162927 0.0 0.0 0.0 0.0 0.0 0.0 0.0 0.0 2.909586694238932
2.880659371717812 0.0 0.0 0.0 0.0 0.0 0.0 0.0 0.0 2.9727631299455095
2.9144952452378368 0.0 0.0 0.0 0.0 0.0 0.0 0.0 0.0 3.0483513383844736
2.9593484021601344 0.0 0.0 0.0 0.0 0.0 0.0 3.146273679444306 3.153684567803811 3.1369255216500926
3.0158642780094134 3.05910758747956 3.0949107125776605 3.124746941081825 3.1489170092199754 3.167402086658978 3.180051297214139 3.186460334541645 3.1899964684262807 3.1866361849809053
3.0413727742314234 3.0787435118746993 3.1130982274917938 3.1426522257284755 3.166837179711066 3.1854475529740283 3.1984610887524534 3.206175865564652 3.209930856573988 3.2100194977165315
