2.3078926599412934
0.0 2.7025103896219274 2.731984215903999 2.760179809077183 2.7871386656318107 2.8125172724093503 2.835551476522267 2.8550089556866887 2.869258323788313 2.8768106240184665
2.695947690581101 2.727538221171253 2.7570060368219647 2.7853356307918653 2.812669515661898 2.838714708313504 2.8627901652403733 2.8836501881182137 2.899188461589667 2.907467848964712
2.717978485151232 2.746672011556118 2.774930133757813 2.802953784388375 2.830578620673067 2.857534247148373 2.8834321409234027 2.9073620926459918 2.9257970606732338 2.935640708069441
2.7336811690502314 2.7578279791027067 2.7845459666385306 2.812154576074857 2.83995911113558 2.8677448007619333 2.8958387663222234 2.9258041577291514 2.94983646233482 2.9622943264027293
2.746499230069218 0.0 0.0 0.0 0.0 0.0 0.0 2.9387854495954087 2.973578245749574 2.9893249181263672
2.778214920321088 0.0 0.0 0.0 0.0 0.0 0.0 0.0 3.0036054287957987 3.019199877858834
2.8275042384270326 0.0 0.0 0.0 0.0 0.0 0.0 0.0 3.0374997399395247 3.050977601588195
2.8932508934344012 2.9387378563421507 2.9745104638806334 3.0038641824397097 3.027887705175715 3.046984148889062 3.061350430805722 3.0710962896706153 3.0761717394529198 3.0818865928515664
2.929110923849897 2.963846706726749 2.9962642682319363 3.0245958746506063 3.048416336884449 3.06765997667084 3.0824225532227376 3.0929402365242242 3.0996812358566315 3.103781430984859
2.945542944956078 2.9771366397646655 3.007732686630937 3.035291374625143 3.0588733259584973 3.078143503034877 3.0931011458819855 3.1039640550264687 3.1111060085193025 3.114890012260589
