1.1439148198631448
0.0 2.452553552815171 2.4520702333779734 2.4512265789203433 2.450087027770827 2.448705756473957 2.447141337876705 2.4454618926586345 2.4437468540964744 2.4420866716248932 2.440580277781809 2.4393295832532798 2.4384302583249045 2.437958906789154 0.0 0.0 0.0 0.0 0.0 0.0 0.0 0.0 0.0 0.0 0.0 0.0 0.0 0.0 0.0 0.0 0.0 0.0 0.0 0.0 0.0 0.0 2.1177487094929504 2.117748710020499 2.1177487107665627 2.117748711294108
2.453039705355021 2.452678517130891 2.4520734708692795 2.451167311121228 2.449976312432718 2.4485402824953644 2.446912900128631 2.445160628692713 2.443363068650977 2.4416127807123065 2.4400134769940744 2.4386753115103006 2.437705693680425 2.4371944135029513 0.0 0.0 0.0 0.0 0.0 0.0 0.0 0.0 0.0 0.0 0.0 0.0 0.0 0.0 0.0 0.0 0.0 0.0 0.0 0.0 0.0 0.0 2.1182277733928836 2.1182277742246063 2.118227775400832 2.1182277762325445
2.453033483630079 2.452683198299132 2.4520160763249508 2.451033919828765 2.4497553887046406 2.4482159785814375 2.446465842574612 2.4445695372869127 2.442606849283866 2.440673772354666 2.438882660404538 2.4373599234384815 2.436238220644883 2.4356384741438815 0.0 0.0 0.0 0.0 0.0 0.0 0.0 0.0 0.0 0.0 0.0 0.0 0.0 0.0 0.0 0.0 0.0 0.0 0.0 0.0 0.0 0.0 2.119193092148627 2.11919309376422 2.119193096048988 2.119193097664545
2.4530020210759393 2.452631167896583 2.4519030953149494 2.4508303533176687 2.4494343862835457 2.447748932271992 2.445821156701308 2.443712977152202 2.4415031889877477 2.439290471505061 2.437197055785495 2.4353718484178684 2.4339887834210345 2.433229298231694 0.0 0.0 0.0 0.0 0.0 0.0 0.0 0.0 0.0 0.0 0.0 0.0 0.0 0.0 0.0 0.0 0.0 0.0 0.0 0.0 0.0 0.0 2.120658896567512 2.1206588998994564 2.120658904611445 2.120658907943258
2.4529512666443614 2.4525482828478338 2.4517506512299767 2.4505718407319272 2.44903301406056 2.4471653943650633 2.445012136633957 2.4426305014524243 2.4400950680513596 2.437502840653279 2.434981475422938 2.4327019089740487 2.4308939344249376 2.429849115533443 0.0 0.0 0.0 0.0 0.0 0.0 0.0 0.0 0.0 0.0 0.0 0.0 0.0 0.0 0.0 0.0 0.0 0.0 0.0 0.0 0.0 0.0 2.122646154421822 2.1226461613955614 2.122646171257569 2.1226461782308164
2.4528927650459584 2.452452020482682 2.4515768232860897 2.4502792330069716 2.448578137699287 2.446500797049325 2.444084543909826 2.441378943643983 2.4384490892355077 2.43538138579699 2.432294786841704 2.4293640091547357 2.4268675134531112 2.425272684633327 0.0 0.0 0.0 0.0 0.0 0.0 0.0 0.0 0.0 0.0 0.0 0.0 0.0 0.0 0.0 0.0 0.0 0.0 0.0 0.0 0.0 0.0 2.1251821149025134 2.125182129554632 2.1251821502745507 2.125182164924827
2.452838010333176 2.4523568195448755 2.4513993563011613 2.449975523259421 2.4481008379208835 2.4457974031038887 2.443095041728721 2.4400326450415015 2.436660046375666 2.4330413093549987 2.4292620999766674 2.425450072346728 2.4218416571850914 2.4190331759728445 0.0 0.0 0.0 0.0 0.0 0.0 0.0 0.0 0.0 0.0 0.0 0.0 0.0 0.0 0.0 0.0 0.0 0.0 0.0 0.0 0.0 0.0 2.128299700127128 2.1282997309559986 2.128299774549711 2.128299805371683
2.4527958038463122 2.4522738937630812 2.451233748475655 2.449682866337849 2.4476329566148958 2.4451004492053263 2.4421069307451266 2.4386792718800385 2.4348490730381385 2.430650623855301 2.4261151992091965 2.4212546129866084 2.416007241420844 2.410032732834664 2.4018309127566226 0.0 0.0 0.0 0.0 0.0 0.0 0.0 0.0 0.0 0.0 0.0 0.0 0.0 0.0 0.0 0.0 0.0 0.0 0.0 0.0 0.0 2.1320367447916873 2.132036809720994 2.132036901526549 2.132036966430021
2.4527702763469854 2.452209707123442 2.451091082550067 2.449419553868707 2.4472031321119623 2.4444528762544078 2.441182798094479 2.4374090707293763 2.4331477851952146 2.4284097038884727 2.4231885373543505 2.4174345636950236 2.410994375769169 2.403477092679239 2.394011958591027 2.3812543389155705 2.3707691810094254 2.3618758364514303 2.3543928503481006 2.3483101778015305 2.34367485929886 2.340544682577846 2.33896670784066 0.0 0.0 0.0 0.0 0.0 0.0 0.0 0.0 0.0 0.0 0.0 0.0 0.0 2.1364350867266135 2.1364352236066235 2.1364354171153277 2.1364355538985786
2.452759190422903 2.4521642495551577 2.450975856159105 2.449197090251488 2.4468327759383692 2.4438895449372886 2.440375565856278 2.4362995375795347 2.4316682767216906 2.426481749999225 2.4207236172223903 2.4143444653200783 2.4072358793322945 2.3992056640065225 2.390022364265099 2.3797897379035486 2.3702137315592635 2.361699745653532 2.3543962485771877 2.3484062497918163 2.3438208008909007 2.340716839610498 2.3391502058852556 0.0 0.0 0.0 0.0 0.0 0.0 0.0 0.0 0.0 0.0 0.0 0.0 0.0 2.141539511902046 2.1415398007596327 2.141540209007366 2.141540497502548
2.4527525982070735 2.4521295743751343 2.4508841678858895 2.4490177780525566 2.4465327441093483 2.4434324781601937 2.439721364808799 2.4354041600638205 2.430484528297734 2.424962292419935 2.4188291268087676 2.4120634259708105 2.404628704256765 2.3964900555627087 2.387684333360581 2.378494103933508 2.3696338934270935 2.361542257460803 2.3544818700084567 2.348631874099998 2.344126352630184 2.3410657173754577 2.339518097924242 0.0 0.0 0.0 0.0 0.0 0.0 0.0 0.0 0.0 0.0 0.0 0.0 0.0 2.1473965550813654 2.147397165335312 2.147398027392827 2.1473986362895183
2.452732006131259 2.452088860698812 2.450802546575272 2.4488731784674775 2.446301293345389 2.443088182774479 2.439236168665429 2.4347487078945047 2.429630250017273 2.423885933162851 2.4175216592880737 2.41054619645327 2.4029792563191723 2.3948731260075635 2.3863572051083333 2.377699858215805 2.3693166881067045 2.361569375419586 2.354735947671546 2.349028324676876 2.3446083010384484 2.3415953021574123 2.340068860079876 0.0 0.0 0.0 0.0 0.0 0.0 0.0 0.0 0.0 0.0 0.0 0.0 0.0 2.1540531476863243 2.1540544385312694 2.154056260404301 2.154057546166959
2.4526701622351794 2.4520161466323636 2.4507075800156377 2.4487436122653996 2.4461234967569916 2.442847166416498 2.43891592832484 2.4343332710659196 2.4291058741574867 2.4232451151412406 2.4167697623768674 2.4097111913265716 2.402123278734691 2.3940993695768076 2.385795961089866 2.3774523471631412 2.369376768754999 2.3618752279181345 2.3552166768630336 2.3496242777647076 2.3452753255816874 2.3423023731718087 2.3407937843138913 0.0 0.0 0.0 0.0 0.0 0.0 0.0 0.0 0.0 0.0 0.0 0.0 0.0 2.1615550794689384 2.161557813886205 2.161561667149416 2.1615643825403885
2.452531513242791 2.4518767781879967 2.450566363939296 2.448598661112698 2.4459719397093425 2.4426851416698496 2.4387389178501944 2.434136953203531 2.428887722774877 2.423006992019192 2.416521625369745 2.4094755432218844 2.401938741174961 2.394019564699728 2.385877878187363 2.3777317140570906 2.36984557837956 2.36249704786484 2.355947932901233 2.350426889901757 2.3461208202902455 2.343171197207581 2.341672686422882 0.0 0.0 0.0 0.0 0.0 0.0 0.0 0.0 0.0 0.0 0.0 0.0 0.0 2.169945183706863 2.169950986715809 2.1699591413168204 2.1699648731195227
2.452273311955199 2.451628538697985 2.4503376931626035 2.448398501719735 2.44580835492866 2.4425652484938882 2.43866902858114 2.4341229849997226 2.428935914894171 2.42312490358929 2.4167192272168005 2.4097659120881993 2.4023374165767137 2.394541284312639 2.3865299771267994 2.378506323920179 2.3707177227659995 2.363435046134905 2.356923577217287 2.351420067975605 2.3471197156542796 2.344170461731705 2.342671138326716 0.0 0.0 0.0 0.0 0.0 0.0 0.0 0.0 0.0 0.0 0.0 0.0 0.0 2.1792610307708506 2.179273377956245 2.1792906420311198 2.1793027228204975
2.45184730552573 2.4512233715516913 2.4499738656618257 2.4480958652156857 2.445585856139335 2.442440745535249 2.43865917746586 2.434243159185265 2.4292000553188102 2.423545092450474 2.4173046412361545 2.410520700160222 2.4032571492953285 2.395608325366412 2.3877098873208595 2.3797498903676213 2.371973183013773 2.364665879090336 2.358112717880083 2.352565338523487 2.3482277558565285 2.345252267329231 2.3437395257771256 0.0 0.0 0.0 0.0 0.0 0.0 0.0 0.0 0.0 0.0 0.0 0.0 0.0 2.189531639932382 2.1895580174754095 2.189594568869154 2.1896199501662865
2.4512019051255534 2.450609583882948 2.4494229589516974 2.447638433663868 2.4452515129884387 2.4422578287379717 2.438654423946868 2.43444124350486 2.42962278991679 2.424209941551126 2.4182220267468786 2.411689474337182 2.4046578689657183 2.3971952338264693 2.3894057628134973 2.3814532199150587 2.373588810981167 2.3661489241310045 2.3594619917236748 2.3538024634531505 2.3493818870606367 2.3463527899853958 2.3448139526180665 0.0 0.0 0.0 0.0 0.0 0.0 0.0 0.0 0.0 0.0 0.0 0.0 0.0 2.2007720984967736 2.2008288289475955 2.2009061756153443 2.2009591819350365
2.450284723359271 2.4497344122746005 2.448631449697256 2.4469715316093916 2.444749114914939 2.4419584312750953 2.438594701110777 2.4346554244515026 2.430141585633897 2.4250585681229015 2.419416566229517 2.413230423514731 2.4065194852383414 2.399310125521378 2.391648781589706 2.3836423858061524 2.3755438287410553 2.3678239888972334 2.3608924587918545 2.355048297835078 2.3505011818156345 2.347394558547967 2.3458191386091403 0.0 0.0 0.0 0.0 0.0 0.0 0.0 0.0 0.0 0.0 0.0 0.0 0.0 2.212973516357518 2.2130969464972146 2.2132603625171257 2.213369877095281
2.4490453603831086 2.4485468333692975 2.4475470656744474 2.446041017685904 2.444022064069399 2.441483013094689 2.4384172856834896 2.434820072050531 2.4306891884099375 2.4260252033021095 2.4208301647872985 2.4151039515823673 2.40883716403404 2.402000903196924 2.394541846056397 2.3864211663501256 2.37781424420497 2.369593459704558 2.362288327207935 2.3561937329107194 2.351488909184273 2.348290943777416 2.3466737802244455 0.0 0.0 0.0 0.0 0.0 0.0 0.0 0.0 0.0 0.0 0.0 0.0 0.0 2.2260820931266325 2.226356078993358 2.226700006115988 2.22692201644935
2.4474383159277338 2.4470005033422724 2.4461217710599996 2.4447963122374845 2.4430163988443234 2.4407734550723164 2.4380592988665235 2.434867350978873 2.431193486095625 2.427035964864437 2.42239340520058 2.417258724547169 2.411604776222178 2.405353083662427 2.3983124145343266 2.3900983388338384 2.3803204100746207 2.3712703346899944 2.3634760152667567 2.3571017826886558 2.352238314447911 2.3489542101493144 2.347299031933674 0.0 0.0 0.0 0.0 0.0 0.0 0.0 0.0 0.0 0.0 0.0 0.0 0.0 2.2399511883983863 2.2405804019193423 2.241297533742396 2.2417326891471356
2.4454258975595007 2.4450567044667295 2.4443147830226635 2.443193499451458 2.441683963854659 2.4397762138056716 2.4374606348650945 2.434729458267432 2.431578083726097 2.4280057938616917 2.424015012903825 2.419607171494459 2.4147699073948785 2.409438603355454 2.4033686252345445 2.3956507853571747 2.3826485808565057 2.3724626684292924 2.36420592759174 2.357618088237901 2.3526473025439376 2.349308698222373 2.347630254484724 0.0 0.0 0.0 0.0 0.0 0.0 0.0 0.0 0.0 0.0 0.0 0.0 0.0 2.2542207956171314 2.2557472111580754 2.257208396740336 2.258010512966892
2.4429809844834574 2.442687163000084 2.442095496926863 2.4411984104029414 2.43998569394681 2.4384458303394747 2.436567666997056 2.4343423602207053 2.431765510653952 2.428839427313887 2.4255755601552327 2.4219975699106575 2.418147277540462 2.4141033949785156 2.410057766406741 2.4066597410089403 0.0 0.0 0.0 0.0 0.0 0.0 0.0 0.0 0.0 0.0 0.0 0.0 0.0 0.0 0.0 0.0 0.0 0.0 0.0 0.0 2.2679814820604363 2.2719965485884805 2.274795974914594 2.276108438416312
2.4400894942010987 2.439876584350179 2.439446164449161 2.438789532280604 2.4378948686519695 2.4367486909634977 2.435337759965391 2.433651447303401 2.4316846352263064 2.4294413740903953 2.4269398936367472 2.424220476594571 2.421359991590047 2.4185024618826727 2.4159266242338138 2.4141796396649817 0.0 0.0 0.0 0.0 0.0 0.0 0.0 0.0 0.0 0.0 0.0 0.0 0.0 0.0 0.0 0.0 0.0 0.0 0.0 0.0 2.2787274964222353 2.290457316084169 2.294864344961678 2.2965120092941866
2.436752392992014 2.4366247379100314 2.4363641378389693 2.4359605224962886 2.435400056450204 2.43466665819091 2.4337440362525253 2.4326182946125403 2.4312812413717335 2.4297346938418642 2.427996372257649 2.426108509612859 2.424151133653438 2.4222626403459575 2.420667729338197 2.4196945145245405 0.0 0.0 0.0 0.0 0.0 0.0 0.0 0.0 0.0 0.0 0.0 0.0 0.0 0.0 0.0 0.0 0.0 0.0 0.0 0.0 0.0 2.3172032156048523 2.3186484883706693 2.319517695859681
2.432987098005054 2.4329479258254656 2.4328634833665306 2.4327220712550903 2.432507381586498 2.4321999904253055 2.4317793705312623 2.4312264804606634 2.4305270489677526 2.4296757696563915 2.4286817424961966 2.4275755835957438 2.4264184310605725 2.4253118619862417 2.4244036510525406 2.423874230638373 0.0 0.0 0.0 0.0 0.0 0.0 0.0 0.0 0.0 0.0 0.0 0.0 0.0 0.0 0.0 0.0 0.0 0.0 0.0 0.0 0.0 2.343405031438255 2.3439076564558676 2.3442900158461755
2.4288281437255637 2.428879694583352 2.4289757910312995 2.4291028801229544 2.429241773879792 2.4293690166551634 2.429458718235335 2.429484887540181 2.4294243377315485 2.4292602709218096 2.4289866530740345 2.4286133621974617 2.428171624369401 2.4277180541779155 2.4273332304079926 2.427107553073847 0.0 0.0 0.0 0.0 0.0 0.0 0.0 0.0 0.0 0.0 0.0 0.0 0.0 0.0 0.0 0.0 0.0 0.0 0.0 0.0 0.0 2.369926758088574 2.3701083689080384 2.370264870260061
2.4243270287863465 2.4244706955932966 2.424750064959853 2.425149602893907 2.4256469868735744 2.4262142620425786 2.4268193639237285 2.427428011481493 2.428005993418794 2.4285218846568224 2.428950207609247 2.429274927690811 2.4294928309507364 2.429615642540575 2.429668737084373 2.4296836674935367 0.0 0.0 0.0 0.0 0.0 0.0 0.0 0.0 0.0 0.0 0.0 0.0 0.0 0.0 0.0 0.0 0.0 0.0 0.0 0.0 0.0 2.3969910595490096 2.3970576129920005 2.3971189263554598
2.419551215722588 2.4197876640514466 2.4202516570837647 2.42092570201258 2.421784329976504 2.4227949796495083 2.4239191171088845 2.4251135610684402 2.4263319963852954 2.4275266808381954 2.428650370568153 2.429658484602647 2.430511456765048 2.4311770348934796 2.431631984053403 2.431862425090791 0.0 0.0 0.0 0.0 0.0 0.0 0.0 0.0 0.0 0.0 0.0 0.0 0.0 0.0 0.0 0.0 0.0 0.0 0.0 0.0 0.0 2.4245958815617 2.4246187316205967 2.4246405031096967
2.414582318803336 2.4149115545199966 2.4155602902215048 2.416509281848592 2.4177302060519703 2.419186242040756 2.4208327403373437 2.422617905951329 2.424483434458637 2.426365079503258 2.428193217486044 2.429893634467064 2.431389012440435 2.432601912994574 2.4334602744270275 2.4339060742840366 0.0 0.0 0.0 0.0 0.0 0.0 0.0 0.0 0.0 0.0 0.0 0.0 0.0 0.0 0.0 0.0 0.0 0.0 0.0 0.0 0.0 2.452650391910446 2.452653237176019 2.452655933133829
2.409513575607402 2.409934937595873 2.41076729363519 2.4119900534764747 2.4135726587450796 2.4154748730367124 2.4176470035786077 2.4200299272090455 2.4225547900372804 2.4251422892497736 2.4277015735778646 2.430129100403799 2.4323083881213816 2.4341126066533336 2.4354131725580004 2.436097803106232 0.0 0.0 0.0 0.0 0.0 0.0 0.0 0.0 0.0 0.0 0.0 0.0 0.0 0.0 0.0 0.0 0.0 0.0 0.0 0.0 0.0 2.4810235403075933 2.48100929231792 2.48099537608321
2.4044467497291113 2.404958817643358 2.4059722373212145 2.407465659101627 2.409407216900432 2.411754582578522 2.414454810449468 2.417443775552005 2.4206449683431344 2.4239673985644354 2.4273024419828824 2.430519776449309 2.433463392816526 2.435950535508352 2.437779815634467 2.4387587268587674 0.0 0.0 0.0 0.0 0.0 0.0 0.0 0.0 0.0 0.0 0.0 0.0 0.0 0.0 0.0 0.0 0.0 0.0 0.0 0.0 0.0 2.5095651535047763 2.5095193228357466 2.509475293768548
2.399488649552842 2.4000890716111405 2.4012791964073834 2.40303763691135 2.4053323849796557 2.40812073598518 2.4113489060609092 2.414951074360746 2.418847481079373 2.4229410908691533 2.4271122186753877 2.4312105352958175 2.435044432149997 2.4383699608330147 2.4408880361456475 2.4422729510690604 0.0 0.0 0.0 0.0 0.0 0.0 0.0 0.0 0.0 0.0 0.0 0.0 0.0 0.0 0.0 0.0 0.0 0.0 0.0 0.0 0.0 2.5381230598249203 2.537998496493941 2.537882576758726
2.3947474674945726 2.395432729434184 2.3967929001967936 2.398807336186695 2.4014451694452674 2.404665252958358 2.4084157813833986 2.4126332753317272 2.417240454831454 2.4221422646191946 2.427218876384553 2.4323137996849393 2.4372143699824314 2.441621906209583 2.4451147302788407 2.447136517159327 0.0 0.0 0.0 0.0 0.0 0.0 0.0 0.0 0.0 0.0 0.0 0.0 0.0 0.0 0.0 0.0 0.0 0.0 0.0 0.0 0.0 2.5665748564626467 2.5662399344464277 2.5659462753618443
2.3903291431115368 2.3910943144699197 2.392615017218518 2.3948720908443852 2.397837039864116 2.4014721731665922 2.405730510766081 2.410555165117 2.4158777271134055 2.4216148535270823 2.427661564230885 2.433878251423397 2.440065041094131 2.445909958720453 2.450885175016625 2.4540683264093825 0.0 0.0 0.0 0.0 0.0 0.0 0.0 0.0 0.0 0.0 0.0 0.0 0.0 0.0 0.0 0.0 0.0 0.0 0.0 0.0 0.0 2.594910710526869 2.5939939215110948 2.5932741046387267
2.386333931912993 2.3871724368161695 2.3888407945302315 2.3913219175467053 2.3945906773929697 2.39861439656408 2.4033533093909853 2.4087607984821524 2.414783108197461 2.4213580290094985 2.428411562534192 2.435850284200607 2.443543222348695 2.451273858198878 2.4585928207868935 2.464293334550675 0.0 0.0 0.0 0.0 0.0 0.0 0.0 0.0 0.0 0.0 0.0 0.0 0.0 0.0 0.0 0.0 0.0 0.0 0.0 0.0 0.0 2.6234703905321703 2.6208711541007834 2.619212427822462
2.382853322678321 2.3837567858516677 2.3855562072272796 2.3882369169150115 2.3917777409203036 2.3961519468750425 2.4013284286995504 2.4072730868824257 2.4139503900286265 2.4213251918719965 2.429365120481449 2.43804455762334 2.4473534955943865 2.457322884806952 2.4681122453074833 2.4803582561059914 2.4967124311933233 0.0 0.0 0.0 0.0 0.0 0.0 0.0 0.0 0.0 0.0 0.0 0.0 0.0 0.0 0.0 0.0 0.0 0.0 0.0 2.670851147123284 2.653667318804972 2.645882013869822 2.6425891033398745
2.3799673964662116 2.380925608708812 2.3828356918445217 2.3856854326712233 2.3894576854367577 2.394131788561806 2.3996854904607963 2.4060974743814474 2.4133507010332513 2.421437071557356 2.430364561107317 2.4401695269527695 2.4509407931520935 2.4628721390118713 2.47638514134127 2.4924207879849485 2.513063808413192 2.5422480271723353 2.5682458121985148 2.5924499885182204 2.615217940078388 2.6365413409902825 2.6562773458072706 2.6742391447192877 2.690235859883756 2.70409203837811 2.7156579567884584 2.7248151459876264 2.731478786384964 2.7355972533317536 2.737148013026894 2.7361274822356756 2.7325290948101264 2.7262954756289584 2.7172076787806594 2.7046042556269345 2.686584565208723 2.6731979899645797 2.6652304231237443 2.661546381610422
2.3777426700145305 2.378743701062045 2.3807404538648176 2.3837228945054623 2.3876774492861195 2.3925888291890143 2.39844257634466 2.405228493074357 2.4129452559435878 2.421606777634885 2.4312513674323437 2.4419556636728763 2.4538569779119146 2.467190115894022 2.48234514839716 2.499934155021616 2.5207454162899183 2.5450253435584753 2.5693533222539715 2.5929242208318293 2.6154306694803315 2.6366395455281157 2.656323531713214 2.674261271620931 2.690246935238451 2.7040984681013387 2.7156634341405836 2.724822820691679 2.7314930969548605 2.735626543881101 2.7372095917382535 2.7362585971931166 2.732812341010481 2.7269219123598814 2.7186486591916457 2.70813269367412 2.696040084444905 2.6858373948035097 2.6789292696189673 2.67550350588582
2.376230424810373 2.3772608890280007 2.379317277511367 2.3823911798865693 2.3864716791461746 2.391547466642284 2.397609812556955 2.4046565657750802 2.412697453362447 2.4217610663125333 2.4319040151286275 2.4432226782089903 2.4558673241014977 2.470055928831163 2.4860773511444423 2.5042527046419316 2.524778059137802 2.5473243268106356 2.570521549634451 2.5934955111092215 2.615706254331158 2.6367719128322595 2.6563871486319743 2.674292116118547 2.690262478855919 2.7041075269777006 2.7156711624356396 2.7248336368728987 2.731513202014421 2.735667465800343 2.7372947716299545 2.736436715813751 2.733184603872624 2.7276966559696283 2.7202424849250995 2.711312573680977 2.7018559509442617 2.693576042676365 2.68763655369601 2.684573711319495
2.375465497368685 2.376510954865264 2.37859773997922 2.3817183071181622 2.3858631520490343 2.3910230755623245 2.3971923632252095 2.4043730470228737 2.4125804673356885 2.421850354358917 2.4322474696090106 2.4438751952526676 2.456883713976653 2.4714704692566953 2.487858989233394 2.5062311356290734 2.526583594018003 2.5485238462845747 2.571205300487869 2.5938558902936983 2.615888379709128 2.6368618861525976 2.656431119164853 2.6743136461257926 2.6902733924597104 2.7041139098290614 2.715676615073254 2.724841260032197 2.73152733172514 2.735696086293648 2.737353857330164 2.736558551293005 2.733433306517593 2.728194499237112 2.721204781962523 2.7130593579421407 2.704681516455772 2.6972842613512387 2.6918642707306106 2.689022606625365
0.0 0.0 0.0 0.0 0.0 0.0 0.0 0.0 0.0 0.0 0.0 0.0 0.0 0.0 0.0 0.0 0.0 0.0 0.0 0.0 0.0 0.0 0.0 0.0 0.0 0.0 0.0 0.0 0.0 0.0 0.0 0.0 0.0 0.0 0.0 0.0 0.0 0.0 0.0 0.0
0.0 0.0 0.0 0.0 0.0 0.0 0.0 0.0 0.0 0.0 0.0 0.0 0.0 0.0 0.0 0.0 0.0 0.0 0.0 0.0 0.0 0.0 0.0 0.0 0.0 0.0 0.0 0.0 0.0 0.0 0.0 0.0 0.0 0.0 0.0 0.0 0.0 0.0 0.0 0.0
0.0 0.0 0.0 0.0 0.0 0.0 0.0 0.0 0.0 0.0 0.0 0.0 0.0 0.0 0.0 0.0 0.0 0.0 0.0 0.0 0.0 0.0 0.0 0.0 0.0 0.0 0.0 0.0 0.0 0.0 0.0 0.0 0.0 0.0 0.0 0.0 0.0 0.0 0.0 0.0
0.0 0.0 0.0 0.0 0.0 0.0 0.0 0.0 0.0 0.0 0.0 0.0 0.0 0.0 0.0 0.0 0.0 0.0 0.0 0.0 0.0 0.0 0.0 0.0 0.0 0.0 0.0 0.0 0.0 0.0 0.0 0.0 0.0 0.0 0.0 0.0 0.0 0.0 0.0 0.0
0.0 0.0 0.0 0.0 0.0 0.0 0.0 0.0 0.0 0.0 0.0 0.0 0.0 0.0 0.0 0.0 0.0 0.0 0.0 0.0 0.0 0.0 0.0 0.0 0.0 0.0 0.0 0.0 0.0 0.0 0.0 0.0 0.0 0.0 0.0 0.0 0.0 0.0 0.0 0.0
0.0 0.0 0.0 0.0 0.0 0.0 0.0 0.0 0.0 0.0 0.0 0.0 0.0 0.0 0.0 0.0 0.0 0.0 0.0 0.0 0.0 0.0 0.0 0.0 0.0 0.0 0.0 0.0 0.0 0.0 0.0 0.0 0.0 0.0 0.0 0.0 0.0 0.0 0.0 0.0
0.0 0.0 0.0 0.0 0.0 0.0 0.0 0.0 0.0 0.0 0.0 0.0 0.0 0.0 0.0 0.0 0.0 0.0 0.0 0.0 0.0 0.0 0.0 0.0 0.0 0.0 0.0 0.0 0.0 0.0 0.0 0.0 0.0 0.0 0.0 0.0 0.0 0.0 0.0 0.0
0.0 0.0 0.0 0.0 0.0 0.0 0.0 0.0 0.0 0.0 0.0 0.0 0.0 0.0 0.0 0.0 0.0 0.0 0.0 0.0 0.0 0.0 0.0 0.0 0.0 0.0 0.0 0.0 0.0 0.0 0.0 0.0 0.0 0.0 0.0 0.0 0.0 0.0 0.0 0.0
0.0 0.0 0.0 0.0 0.0 0.0 0.0 0.0 0.0 0.0 0.0 0.0 0.0 0.0 0.0 0.0 0.0 0.0 0.0 0.0 0.0 0.0 0.0 0.0 0.0 0.0 0.0 0.0 0.0 0.0 0.0 0.0 0.0 0.0 0.0 0.0 0.0 0.0 0.0 0.0
0.0 0.0 0.0 0.0 0.0 0.0 0.0 0.0 0.0 0.0 0.0 0.0 0.0 0.0 0.0 0.0 0.0 0.0 0.0 0.0 0.0 0.0 0.0 0.0 0.0 0.0 0.0 0.0 0.0 0.0 0.0 0.0 0.0 0.0 0.0 0.0 0.0 0.0 0.0 0.0
