1.6041355088395512
0.0 3.4218008570355583 3.4211826626507187 3.4200851882922825 3.41859007740054 3.4167700593774124 3.4147044977719103 3.41248516942372 3.410218298281985 3.408024110045275 3.4060335582228585 3.4043812048342277 3.4031932280497466 3.402570635369391 0.0 0.0 0.0 0.0 0.0 0.0 0.0 0.0 0.0 0.0 0.0 0.0 0.0 0.0 0.0 0.0 0.0 0.0 0.0 0.0 0.0 0.0 3.2224553661294983 3.222455366746686 3.2224553676195185 3.222455368236702
3.4220894927442713 3.4217216873839935 3.420967849386141 3.41979407824682 3.4182334864206267 3.416343336997285 3.4141972760547548 3.4118849354253515 3.409512590851172 3.407202992995203 3.405093092355346 3.4033280158097305 3.402049180728013 3.4013748609540917 0.0 0.0 0.0 0.0 0.0 0.0 0.0 0.0 0.0 0.0 0.0 0.0 0.0 0.0 0.0 0.0 0.0 0.0 0.0 0.0 0.0 0.0 3.222564708104991 3.222564709073371 3.2225647104428594 3.222564711411229
3.4217484251647035 3.4213247064062777 3.4204742200394627 3.4191976993737456 3.41752306999152 3.4155001430680247 3.413197341869491 3.4107013739613943 3.408118297671533 3.405574821991938 3.4032186307898007 3.4012156153754285 3.3997399689759202 3.398950817800002 0.0 0.0 0.0 0.0 0.0 0.0 0.0 0.0 0.0 0.0 0.0 0.0 0.0 0.0 0.0 0.0 0.0 0.0 0.0 0.0 0.0 0.0 3.222804144691804 3.2228041465634854 3.222804149210414 3.2228041510820553
3.421114241533334 3.4206413608971347 3.4196995885209245 3.4183010084048093 3.4164739385249283 3.4142642374846743 3.411735525501598 3.4089703719318156 3.4060728069385315 3.4031721731602036 3.4004280649056247 3.398034844741209 3.3962202061304407 3.3952229147325195 0.0 0.0 0.0 0.0 0.0 0.0 0.0 0.0 0.0 0.0 0.0 0.0 0.0 0.0 0.0 0.0 0.0 0.0 0.0 0.0 0.0 0.0 3.223214622883075 3.2232146267277617 3.2232146321648645 3.2232146360094025
3.420222408225404 3.4197003771133465 3.4186629050038593 3.4171253186111175 3.4151152165849554 3.4126744891131353 3.4098608563498285 3.40675007882114 3.4034397390457904 3.400055710647278 3.396763021074708 3.3937830205005826 3.3914153026292135 3.390043889433319 0.0 0.0 0.0 0.0 0.0 0.0 0.0 0.0 0.0 0.0 0.0 0.0 0.0 0.0 0.0 0.0 0.0 0.0 0.0 0.0 0.0 0.0 3.2238561611862404 3.223856169206591 3.2238561805486836 3.223856188568475
3.419103972988391 3.4185311533970912 3.4173925237828584 3.4157032246323125 3.413488330404462 3.410784454294426 3.4076413347326837 3.4041240254850424 3.400316644224485 3.396329502679808 3.392313644829377 3.3884918031522386 3.3852237724593914 3.3831249447471103 0.0 0.0 0.0 0.0 0.0 0.0 0.0 0.0 0.0 0.0 0.0 0.0 0.0 0.0 0.0 0.0 0.0 0.0 0.0 0.0 0.0 0.0 3.2248061528478713 3.2248061696498658 3.2248061934099956 3.2248062102099047
3.417788472459083 3.4171640778066434 3.4159216669387993 3.4140745726234436 3.411644011856102 3.4086600290353877 3.4051624091467794 3.4012017570851043 3.3968412003383506 3.3921598733367846 3.3872616834101477 3.382301337132072 3.3775732170951995 3.373853542485798 0.0 0.0 0.0 0.0 0.0 0.0 0.0 0.0 0.0 0.0 0.0 0.0 0.0 0.0 0.0 0.0 0.0 0.0 0.0 0.0 0.0 0.0 3.2261570885308717 3.226157123786323 3.2261571736395425 3.2261572088872157
3.416304470495019 3.415629764530117 3.4142856433030873 3.412282942776668 3.409638418065018 3.4063750157951223 3.4025218383551867 3.3981135447573307 3.393188693481155 3.387785850438617 3.381934234806721 3.3756285366132874 3.368749149915764 3.360764351610271 3.3494637620081997 0.0 0.0 0.0 0.0 0.0 0.0 0.0 0.0 0.0 0.0 0.0 0.0 0.0 0.0 0.0 0.0 0.0 0.0 0.0 0.0 0.0 3.2280137019746915 3.2280137760232694 3.2280138807231693 3.228013954742742
3.4146790556416926 3.4139578323466933 3.4125194813307207 3.410372254622369 3.4075285764368566 3.404004810480813 3.399820472410794 3.394996371076481 3.3895506742889743 3.3834907644999026 3.3767960746103096 3.3693806743811456 3.3610097173368354 3.351118538525131 3.338503934152627 3.321471141243655 3.307684974942954 3.2961117767413968 3.2864414400820925 3.2786176861303464 3.2726742841499608 3.268668772144142 3.2666517520591425 0.0 0.0 0.0 0.0 0.0 0.0 0.0 0.0 0.0 0.0 0.0 0.0 0.0 3.230489559827842 3.2304897154787686 3.230489935525483 3.2304900910682943
3.412936987590032 3.412175594481328 3.4106558126936175 3.4083836150789564 3.405367783497232 3.401619446122734 3.397151013676618 3.3919740182237956 3.3860949918591947 3.379507867905571 3.3721803532664794 3.364030694981817 3.3548931854630077 3.344488969724366 3.332500548560739 3.3191066592193015 3.30664989230632 3.295644557125538 3.286251704458389 3.2785768760208542 3.2727169642994807 3.268757009184546 3.2667602285646096 0.0 0.0 0.0 0.0 0.0 0.0 0.0 0.0 0.0 0.0 0.0 0.0 0.0 3.2337031404124383 3.233703467823385 3.233703930564996 3.2337042575731036
3.4110998957455023 3.410306952627414 3.408723191143836 3.406352806295055 3.403201890730697 3.399278014090938 3.3945893478436115 3.389143030692598 3.382942350877414 3.375982250186624 3.3682429154490237 3.35968273241339 3.350237114308473 3.3398439655404046 3.328544880417015 3.316725799208963 3.3053537056589164 3.29500116621107 3.2859956014567087 3.2785523710124362 3.272830210744237 3.2689478270465946 3.266986040889983 0.0 0.0 0.0 0.0 0.0 0.0 0.0 0.0 0.0 0.0 0.0 0.0 0.0 3.237773472003755 3.237774161161829 3.237775134704389 3.237775822362114
3.409185765133969 3.408371699206751 3.406745047352175 3.4043087513079096 3.4010671415821268 3.3970257409013542 3.39219085237211 3.386568840992087 3.380165080797953 3.3729827740285963 3.365022504022313 3.3562849611108 3.346782508216932 3.336570172628633 3.3258084578999174 3.314848163097633 3.3042369748639704 3.2944426273205853 3.285816353143997 3.2786207682835893 3.2730541362008854 3.2692621674937983 3.2673418475762577 0.0 0.0 0.0 0.0 0.0 0.0 0.0 0.0 0.0 0.0 0.0 0.0 0.0 3.2428154228007564 3.242816874341391 3.2428189231114386 3.2428203690665884
3.40720881183916 3.406385313228554 3.4047393508850843 3.4022730398030507 3.398989652733331 3.394893713443792 3.3899911057271415 3.3842892565452654 3.3777975903606157 3.3705287418515444 3.3625015648692425 3.3537478867179953 3.344326085840711 3.334344827989335 3.3239962485577506 3.313583171908633 3.303499608052926 3.2941339921343737 3.2858240738813542 3.278847608743612 3.273424120329399 3.269717423992843 3.267836729402711 0.0 0.0 0.0 0.0 0.0 0.0 0.0 0.0 0.0 0.0 0.0 0.0 0.0 3.2489347408485267 3.2489378005021097 3.248942112450468 3.2489451513197425
3.4051797386419436 3.4043592165430265 3.4027188971697266 3.4002603418700086 3.3969861740789438 3.3929004333786255 3.38800910800185 3.382320971420471 3.3758489896153194 3.3686128014461967 3.360643118575048 3.3519892719511692 3.342731229721753 3.3329963953882413 3.3229779246807296 3.312944330799859 3.303224327739768 3.29416295892982 3.28608491862463 3.279273321326774 3.2739595737931206 3.270319055662623 3.2684693247247987 0.0 0.0 0.0 0.0 0.0 0.0 0.0 0.0 0.0 0.0 0.0 0.0 0.0 3.25622291183643 3.256229368220544 3.2562384423958415 3.2562448214722997
3.4031062811488084 3.4023013707771934 3.400692032396875 3.3982793960586695 3.395065577225312 3.3910542100525283 3.3862512346269247 3.3806660631661987 3.374313361888594 3.367215851592734 3.359408737262654 3.3509465427438347 3.3419130174760325 3.332433928096768 3.322690325344258 3.3129262127558503 3.303441708434143 3.2945668706119524 3.286626038778073 3.279909734609699 3.2746584795695712 3.2710553287162396 3.26922301113487 0.0 0.0 0.0 0.0 0.0 0.0 0.0 0.0 0.0 0.0 0.0 0.0 0.0 3.264751793870622 3.264765442719473 3.264784532151212 3.264797893567684
3.4009939138722336 3.400217056021244 3.398663594926994 3.3963342402956016 3.3932305611458298 3.3893556063665664 3.384714776352788 3.379317022779325 3.373176524780416 3.366315098901935 3.358765752158716 3.3505779703498786 3.341825485447054 3.3326171953622596 3.3231111240039044 3.3135287451232553 3.30416118026251 3.2953512125990136 3.2874423898728016 3.28074055155078 3.275495481324157 3.2718948957129506 3.2700635205282746 0.0 0.0 0.0 0.0 0.0 0.0 0.0 0.0 0.0 0.0 0.0 0.0 0.0 3.2745677101723065 3.2745966584906046 3.274636791660183 3.2746646716682273
3.3988465837909927 3.3981096782871405 3.396635877302805 3.394425421289997 3.391479215626769 3.3877994690540354 3.383390526835814 3.3782598977001084 3.3724194941456718 3.365887151883 3.3586886027880496 3.3508603370417767 3.3424543887618 3.3335472718083268 3.3242569897970533 3.3147720640646137 3.305386387340913 3.296498194699114 3.288499686979514 3.281721644555882 3.276421508889445 3.272786553026307 3.270938911010397 0.0 0.0 0.0 0.0 0.0 0.0 0.0 0.0 0.0 0.0 0.0 0.0 0.0 3.2856840241353176 3.285745791944458 3.2858300750504426 3.285887873340837
3.3966673670936385 3.395981491233823 3.3946094752297475 3.3925510244678225 3.3898062643044296 3.3863763700695 3.3822643171059266 3.377475659843375 3.372019204861893 3.3659073898732723 3.359156157456856 3.351784269212275 3.343812789201987 3.335267977534175 3.3261971146097857 3.316717747694556 3.3071217382481026 3.297963936767659 3.289730323227631 3.2827790181966288 3.2773639922606352 3.2736609443734555 3.2717819557574366 0.0 0.0 0.0 0.0 0.0 0.0 0.0 0.0 0.0 0.0 0.0 0.0 0.0 3.298069669889424 3.2982029214614474 3.2983795722405467 3.298498077118834
3.39445899003627 3.3938341722578342 3.3925839652299787 3.3907074775801345 3.3882039746981434 3.3850735230331472 3.3813177019706457 3.3769402164909432 3.371947131724665 3.36634626151851 3.360144944160199 3.353345053854807 3.345933966722826 3.3378719573560165 3.3290862706541926 3.3195183678764066 3.309364619915927 3.2996561287963257 3.2910189292525933 3.2838041684432655 3.2782283033531265 3.2744348530628424 3.2725154546165425 0.0 0.0 0.0 0.0 0.0 0.0 0.0 0.0 0.0 0.0 0.0 0.0 0.0 3.311627273516292 3.311920442740272 3.312289194038468 3.3125275845644797
3.3922242034153953 3.3916692479642205 3.390558421345102 3.388890172979024 3.3866628495917293 3.3838754141863467 3.3805282380261983 3.376623770859323 3.3721667467858447 3.3671632949838215 3.3616177363347033 3.35552460511002 3.3488507998667614 3.3414976731965025 3.3332275033062846 3.323568352437733 3.3120406952046784 3.301370209872883 3.292175987362368 3.2846506273803615 3.2789035690958914 3.2750197464685047 3.2730612906254293 0.0 0.0 0.0 0.0 0.0 0.0 0.0 0.0 0.0 0.0 0.0 0.0 0.0 3.326144224650699 3.3268114883273046 3.3275742083264195 3.328037984546266
3.3899660403622405 3.3894884064117616 3.3885318282281585 3.387094008377863 3.3851722828331567 3.382764484234852 3.379869954846369 3.37649055598755 3.3726314110584377 3.3683008953564855 3.3635088761446403 3.358260885311342 3.352541926762541 3.3462696888394823 3.3391415591099203 3.330057610159601 3.3146674757194767 3.3026491134367943 3.292914741024419 3.285145508156346 3.279279283796515 3.2753365931565788 3.2733535218089815 0.0 0.0 0.0 0.0 0.0 0.0 0.0 0.0 0.0 0.0 0.0 0.0 0.0 3.341169641915289 3.342774584896012 3.3443169028673214 3.3451658424690325
3.3876880111930556 3.387293755263734 3.3865034641710645 3.385313951794583 3.383721352859595 3.381722173075283 3.3793146141780457 3.376500113785526 3.373285032237079 3.369682431711838 3.3657139963468192 3.3614126223990315 3.3568282767681916 3.352048773670629 3.34728840709951 3.343294232911674 0.0 0.0 0.0 0.0 0.0 0.0 0.0 0.0 0.0 0.0 0.0 0.0 0.0 0.0 0.0 0.0 0.0 0.0 0.0 0.0 3.355670140921394 3.3598601898741993 3.362795187716408 3.364175789475616
3.385394294151078 3.38508808422507 3.3844733126973034 3.383545693435923 3.3822998328117158 3.380730456414133 3.378834034299145 3.3766108341632246 3.3740675073508477 3.371220490043723 3.3681009298736564 3.3647629177644425 3.3612995213690753 3.3578777983983645 3.3548179537730833 3.3527523438272757 0.0 0.0 0.0 0.0 0.0 0.0 0.0 0.0 0.0 0.0 0.0 0.0 0.0 0.0 0.0 0.0 0.0 0.0 0.0 0.0 3.3669556865272363 3.3791248188848293 3.3837201806565727 3.3854451134597503
3.383089969375822 3.3828751716507357 3.3824425255300103 3.3817863753314144 3.380899350485293 3.37977370477583 3.3784031306372855 3.3767851234384825 3.3749240687494857 3.372835413376986 3.370551634925643 3.368131367656972 3.365674064776512 3.3633434833362914 3.3614005385795696 3.3602249571130867 0.0 0.0 0.0 0.0 0.0 0.0 0.0 0.0 0.0 0.0 0.0 0.0 0.0 0.0 0.0 0.0 0.0 0.0 0.0 0.0 0.0 3.4067091363997286 3.4082187693523895 3.409128505418929
3.38078132113753 3.380660148058423 3.3804139205331865 3.3800353248222437 3.3795145127949584 3.37884045594424 3.378002784047712 3.3769941814884255 3.3758134908246986 3.374469790069355 3.372987861942666 3.37141559539507 3.3698336840368865 3.36836666091217 3.3671896536296675 3.366513495554326 0.0 0.0 0.0 0.0 0.0 0.0 0.0 0.0 0.0 0.0 0.0 0.0 0.0 0.0 0.0 0.0 0.0 0.0 0.0 0.0 0.0 3.4332659375908463 3.4337909318256905 3.4341906551664185
3.3784762068165657 3.3784499023310466 3.378392470666116 3.3782946905747875 3.3781437868090003 3.3779246936837635 3.377621750165115 3.3772208684192724 3.3767122623887826 3.3760938713113853 3.3753756256105367 3.374584574395641 3.3737703861279367 3.3730093957398135 3.3724026440763155 3.372059612837578 0.0 0.0 0.0 0.0 0.0 0.0 0.0 0.0 0.0 0.0 0.0 0.0 0.0 0.0 0.0 0.0 0.0 0.0 0.0 0.0 0.0 3.4595332084596833 3.4597226191225823 3.459885892337302
3.3761844653419364 3.3762534945274587 3.376385728001122 3.3765698895621403 3.37678998778238 3.3770263973637293 3.377257271706465 3.3774602870143773 3.377614741127786 3.3777040483070957 3.3777186496545943 3.37765922439064 3.377539712833391 3.3773888966450225 3.3772481476739546 3.3771622335610134 0.0 0.0 0.0 0.0 0.0 0.0 0.0 0.0 0.0 0.0 0.0 0.0 0.0 0.0 0.0 0.0 0.0 0.0 0.0 0.0 0.0 3.485602081042294 3.4856715340987203 3.485735539946279
3.3739183161286483 3.374082523673151 3.3744041257903943 3.3748698008274416 3.3754603061481063 3.376151311750832 3.3769144337983272 3.3777184243468357 3.378530487336138 3.3793177127384606 3.3800486393599902 3.3806949471280907 3.3812331988556603 3.3816463509283707 3.381924442581245 3.382063681903745 0.0 0.0 0.0 0.0 0.0 0.0 0.0 0.0 0.0 0.0 0.0 0.0 0.0 0.0 0.0 0.0 0.0 0.0 0.0 0.0 0.0 3.5113502643814423 3.511374858334567 3.511398327141823
3.371692684579315 3.3719513901061067 3.3724611063292738 3.373206669959177 3.374165869873281 3.375310001255725 3.376604470994521 3.3780093619702423 3.379479871493253 3.380966575420426 3.382415553356927 3.383768570530358 3.384963777762006 3.385937750207466 3.3866299733087115 3.3869906014576516 0.0 0.0 0.0 0.0 0.0 0.0 0.0 0.0 0.0 0.0 0.0 0.0 0.0 0.0 0.0 0.0 0.0 0.0 0.0 0.0 0.0 3.536587253148551 3.5365929034416874 3.536598364872461
3.369525384630191 3.3698773914483007 3.3705730321726093 3.3715957132074217 3.372920880825913 3.374516304272595 3.3763422582848284 3.3783514533430883 3.3804885517604664 3.3826891381654898 3.3848781323740242 3.386967933729118 3.38885721324913 3.390432357227559 3.3915749498940433 3.3921791562599215 0.0 0.0 0.0 0.0 0.0 0.0 0.0 0.0 0.0 0.0 0.0 0.0 0.0 0.0 0.0 0.0 0.0 0.0 0.0 0.0 0.0 3.5611091015008203 3.5611019555947 3.561094984206276
3.367437094960142 3.367880601280233 3.368758855767889 3.370054437633808 3.3717413997556527 3.373785335859874 3.376143212548378 3.378762743566069 3.381581032036088 3.384522180317524 3.38749362720866 3.390381269082466 3.3930442792818996 3.3953125249011236 3.3969931699512803 3.397897542575338 0.0 0.0 0.0 0.0 0.0 0.0 0.0 0.0 0.0 0.0 0.0 0.0 0.0 0.0 0.0 0.0 0.0 0.0 0.0 0.0 0.0 3.5847231710354066 3.5846965821575356 3.584671039498816
3.3654510839989507 3.365983500996749 3.3670395498186014 3.3686017295958117 3.370643900643189 3.3731312410371435 3.376019881001507 3.379255922867012 3.382773438375371 3.386490888423331 3.390305256789796 3.3940831571565875 3.397648700711453 3.4007702295776063 3.4031549320387358 3.4044759143494803 0.0 0.0 0.0 0.0 0.0 0.0 0.0 0.0 0.0 0.0 0.0 0.0 0.0 0.0 0.0 0.0 0.0 0.0 0.0 0.0 0.0 3.607264768173975 3.607192659989481 3.607125550742393
3.363592667526289 3.364210365712413 3.3654373352855913 3.367256806853157 3.369643773966203 3.3725649884101667 3.3759786299817844 3.379833320001103 3.384065969494672 3.3885976571073106 3.393326231764561 3.398113535124018 3.4027641203888894 3.406992223301581 3.410379843256463 3.4123599348936104 0.0 0.0 0.0 0.0 0.0 0.0 0.0 0.0 0.0 0.0 0.0 0.0 0.0 0.0 0.0 0.0 0.0 0.0 0.0 0.0 0.0 3.6286193261426116 3.62842810464637 3.6282606133223423
3.361888416146279 3.3625864382846817 3.363974777675472 3.3660381677777655 3.368754011994058 3.3720925883572375 3.3760170364015076 3.3804828243212395 3.3854362046788506 3.3908108023595047 3.3965207223536615 3.4024469190410467 3.4084099156804695 3.4141141506597834 3.419035801283521 3.422227520990889 0.0 0.0 0.0 0.0 0.0 0.0 0.0 0.0 0.0 0.0 0.0 0.0 0.0 0.0 0.0 0.0 0.0 0.0 0.0 0.0 0.0 3.6487720976357747 3.648254348605307 3.647849470407167
3.360365161234978 3.361136953202442 3.3626738433549916 3.364962685082153 3.367984322402507 3.371714157038868 3.376122713180255 3.381176008863846 3.3868354321756815 3.3930565961382753 3.3997861253858237 3.406953959988599 3.41445467786612 3.4220974452792765 3.4294509681410243 3.4352848489852876 0.0 0.0 0.0 0.0 0.0 0.0 0.0 0.0 0.0 0.0 0.0 0.0 0.0 0.0 0.0 0.0 0.0 0.0 0.0 0.0 0.0 3.6679446530055615 3.666484842760299 3.665563108653309
3.359048870819059 3.359886087148425 3.361555006232994 3.3640449636893908 3.367340852418754 3.3714241444622717 3.3762741878328018 3.3818697445369605 3.3881907651252456 3.395220482471776 3.4029481606279433 3.4113736161551103 3.4205172656661293 3.4304492555771193 3.441391339589827 3.454123495761852 3.471772744991203 0.0 0.0 0.0 0.0 0.0 0.0 0.0 0.0 0.0 0.0 0.0 0.0 0.0 0.0 0.0 0.0 0.0 0.0 0.0 3.6971014202446564 3.687008320944436 3.682635476130305 3.6808331594930546
3.357963478199673 3.3588559132559803 3.3606364702066025 3.3632970114547818 3.3668265549794745 3.371212757977377 3.3764439427929136 3.382511762430495 3.389414728044533 3.397163096160986 3.40578625616491 3.415345343416929 3.4259578526246286 3.437851454371295 3.451489985606209 3.467867844974652 3.48910021963721 3.5187818739750134 3.544653134749026 3.5683208094546432 3.590288691991763 3.610677888730929 3.629474281715377 3.646623024000438 3.6620669335439233 3.6757616669465194 3.6876802686633505 3.697812513128136 3.7061615894358373 3.7127393033049536 3.7175600140026797 3.7206323614407824 3.7219456771175814 3.721442965214356 3.718958991948246 3.714061802025151 3.7056005001721473 3.6987599948076495 3.694659948724221 3.692769883522397
3.3571297471001613 3.358065425573871 3.3599335355046787 3.362728182136219 3.3664420387378544 3.3710682212453627 3.3766029064742833 3.383048851059863 3.3904200941586224 3.3987483545749764 3.408092065644587 3.4185498317225527 3.4302816315149256 3.4435432399806647 3.4587387967700995 3.476474634015779 3.4974790508273608 3.5218142050185035 3.5458592770923945 3.568834330738831 3.590517215923892 3.6107824049448523 3.629522918441507 3.6466459824973794 3.6620780437155522 3.6757674917369982 3.6876842079495025 3.6978168651440195 3.7061689333544794 3.712754084059022 3.7175913723888834 3.720700227138944 3.7220949888581853 3.7217792686929307 3.7197456903741872 3.716015120347373 3.7108863317253586 3.7062049999244713 3.702944027057257 3.701309590466949
3.3565642514992255 3.3575296869711013 3.359458106151102 3.362345285261356 3.3661866134710987 3.3709792402621614 3.37672508553 3.383434869656621 3.391133387823379 3.3998663127297357 3.409708811097461 3.4207760551986888 3.433234876564802 3.4473131174109524 3.463295339767417 3.4814727552087086 3.5019716368026246 3.5243495202145034 3.547137488747879 3.5694541944720215 3.5908134961043467 3.6109233192162944 3.629589916131867 3.64667798474084 3.6620936331792344 3.6757756956666725 3.6876897655698997 3.6978229993350076 3.706179249429363 3.7127747229006496 3.717634705212812 3.72079227650105 3.7222907962371226 3.7221941095520474 3.720613918825707 3.717776045018669 3.7141631639348494 3.7107029967381524 3.708109819175626 3.7067446887921722
3.3562785395196757 3.357259143758771 3.3592183244615748 3.3621527477871416 3.366059246008191 3.3709371021724515 3.3767912485304614 3.3836365190807727 3.3915031119486705 3.400443348303355 3.4105395224185644 3.42191182696515 3.434723427601752 3.4491757606743274 3.465479904573848 3.4837803325505767 3.5040067850322862 3.525680675920638 3.547887952304917 3.569845782985635 3.591009421245774 3.6110191260712154 3.6296362270308236 3.6467003221464784 3.6621045770730345 3.675781474391018 3.687693686351825 3.6978273231748804 3.706186498586147 3.712789150520323 3.7176647370383176 3.720855156800562 3.722421380206992 3.722460114277845 3.7211369903842124 3.7187418392466705 3.7157542483343833 3.7128405605718213 3.7105890817379668 3.7093767778483233
0.0 0.0 0.0 0.0 0.0 0.0 0.0 0.0 0.0 0.0 0.0 0.0 0.0 0.0 0.0 0.0 0.0 0.0 0.0 0.0 0.0 0.0 0.0 0.0 0.0 0.0 0.0 0.0 0.0 0.0 0.0 0.0 0.0 0.0 0.0 0.0 0.0 0.0 0.0 0.0
0.0 0.0 0.0 0.0 0.0 0.0 0.0 0.0 0.0 0.0 0.0 0.0 0.0 0.0 0.0 0.0 0.0 0.0 0.0 0.0 0.0 0.0 0.0 0.0 0.0 0.0 0.0 0.0 0.0 0.0 0.0 0.0 0.0 0.0 0.0 0.0 0.0 0.0 0.0 0.0
0.0 0.0 0.0 0.0 0.0 0.0 0.0 0.0 0.0 0.0 0.0 0.0 0.0 0.0 0.0 0.0 0.0 0.0 0.0 0.0 0.0 0.0 0.0 0.0 0.0 0.0 0.0 0.0 0.0 0.0 0.0 0.0 0.0 0.0 0.0 0.0 0.0 0.0 0.0 0.0
0.0 0.0 0.0 0.0 0.0 0.0 0.0 0.0 0.0 0.0 0.0 0.0 0.0 0.0 0.0 0.0 0.0 0.0 0.0 0.0 0.0 0.0 0.0 0.0 0.0 0.0 0.0 0.0 0.0 0.0 0.0 0.0 0.0 0.0 0.0 0.0 0.0 0.0 0.0 0.0
0.0 0.0 0.0 0.0 0.0 0.0 0.0 0.0 0.0 0.0 0.0 0.0 0.0 0.0 0.0 0.0 0.0 0.0 0.0 0.0 0.0 0.0 0.0 0.0 0.0 0.0 0.0 0.0 0.0 0.0 0.0 0.0 0.0 0.0 0.0 0.0 0.0 0.0 0.0 0.0
0.0 0.0 0.0 0.0 0.0 0.0 0.0 0.0 0.0 0.0 0.0 0.0 0.0 0.0 0.0 0.0 0.0 0.0 0.0 0.0 0.0 0.0 0.0 0.0 0.0 0.0 0.0 0.0 0.0 0.0 0.0 0.0 0.0 0.0 0.0 0.0 0.0 0.0 0.0 0.0
0.0 0.0 0.0 0.0 0.0 0.0 0.0 0.0 0.0 0.0 0.0 0.0 0.0 0.0 0.0 0.0 0.0 0.0 0.0 0.0 0.0 0.0 0.0 0.0 0.0 0.0 0.0 0.0 0.0 0.0 0.0 0.0 0.0 0.0 0.0 0.0 0.0 0.0 0.0 0.0
0.0 0.0 0.0 0.0 0.0 0.0 0.0 0.0 0.0 0.0 0.0 0.0 0.0 0.0 0.0 0.0 0.0 0.0 0.0 0.0 0.0 0.0 0.0 0.0 0.0 0.0 0.0 0.0 0.0 0.0 0.0 0.0 0.0 0.0 0.0 0.0 0.0 0.0 0.0 0.0
0.0 0.0 0.0 0.0 0.0 0.0 0.0 0.0 0.0 0.0 0.0 0.0 0.0 0.0 0.0 0.0 0.0 0.0 0.0 0.0 0.0 0.0 0.0 0.0 0.0 0.0 0.0 0.0 0.0 0.0 0.0 0.0 0.0 0.0 0.0 0.0 0.0 0.0 0.0 0.0
0.0 0.0 0.0 0.0 0.0 0.0 0.0 0.0 0.0 0.0 0.0 0.0 0.0 0.0 0.0 0.0 0.0 0.0 0.0 0.0 0.0 0.0 0.0 0.0 0.0 0.0 0.0 0.0 0.0 0.0 0.0 0.0 0.0 0.0 0.0 0.0 0.0 0.0 0.0 0.0
