2.6209491715218083
0.0 3.548948349690026 3.525632672122095 3.4747545650953895 3.4063775804285727 3.3291609271328473 3.25173517199459 3.183269887925276 3.132860223534009 3.106456238489709
3.59717917373272 3.58213159210365 3.548814066424096 3.495173851620876 3.426205372767548 3.3486279314719467 3.2700680682024528 3.199685572256057 3.1486614515426576 3.1223627498451925
3.613676834659752 3.60185042569132 3.5660977951003967 3.510471073116078 3.439909648794988 3.3599064243468804 3.2764644054052465 3.198001936198678 3.1447217378097294 3.1185739731944015
3.6242545188942445 3.6121596017393856 3.5753494030528103 3.5185861378741796 3.446626014398835 3.3637475160143793 3.272629192328873 3.1715726042841332 3.1180851305670805 3.094777205684433
3.629482211784011 0.0 0.0 0.0 0.0 0.0 0.0 3.09923344076628 3.066835292335308 3.054868520151069
3.618449826098867 0.0 0.0 0.0 0.0 0.0 0.0 0.0 3.0045397924028765 3.0134563083989145
3.593581564419722 0.0 0.0 0.0 0.0 0.0 0.0 0.0 2.988067321923373 2.995997148126406
3.5579801289727557 3.524170514386142 3.4747744375617486 3.4070882629752317 3.3245558399600283 3.2342821830414015 3.146013979869953 3.0712533964679043 3.0222755877669747 3.004922205321735
3.5488755329632076 3.534662614278962 3.4919196036387468 3.427032532141611 3.346179769789838 3.257225775545547 3.169847629838709 3.0947527281170744 3.0418295268187405 3.016369590667676
3.5471888601608903 3.5387972871423936 3.499606219144414 3.436558713989053 3.356756698686795 3.2684760669381134 3.181380605536014 3.1058197176504896 3.0511148018736085 3.023127888992573
