0.9463576119620755
0.0 2.009688296374595 2.0102086169057367 2.0111337679014847 2.012375714214426 2.013848490994412 2.0154627973672845 2.0171271388017322 2.018751217583734 2.0202499098109534 2.0215470292221327 2.0225784481893485 2.023294394165426 2.023660952998108 0.0 0.0 0.0 0.0 0.0 0.0 0.0 0.0 0.0 0.0 0.0 0.0 0.0 0.0 0.0 0.0 0.0 0.0 0.0 0.0 0.0 0.0 1.8564146324641282 1.8564146323653474 1.8564146322256505 1.8564146321268697
2.0096838728495032 2.009919596230705 2.0105197133966644 2.011471687570904 2.0127190832201696 2.0141868994722234 2.01579033587808 2.017440244631611 2.0190479663964513 2.0205298336349213 2.0218111093306788 2.022829098576723 2.023535310503921 2.023896769798921 0.0 0.0 0.0 0.0 0.0 0.0 0.0 0.0 0.0 0.0 0.0 0.0 0.0 0.0 0.0 0.0 0.0 0.0 0.0 0.0 0.0 0.0 1.8568372480597772 1.8568372479136612 1.856837247707022 1.8568372475609065
2.010238955448303 2.010550056645126 2.011198935865822 2.0121706317626864 2.0134174894694903 2.0148711759520377 2.016451217012522 2.0180715608286386 2.0196462066552288 2.0210941411246375 2.0223434398887346 2.0233342973560307 2.024020861509133 2.02437206549325 0.0 0.0 0.0 0.0 0.0 0.0 0.0 0.0 0.0 0.0 0.0 0.0 0.0 0.0 0.0 0.0 0.0 0.0 0.0 0.0 0.0 0.0 1.8576639753234758 1.8576639750615078 1.8576639746910297 1.8576639744290626
2.011273930472663 2.0116094466304864 2.0122770873116997 2.0132518277501883 2.0144856667873774 2.0159126573300896 2.0174551684160313 2.01903005540757 2.020554434518625 2.021950837021236 2.023151417148082 2.024100825029765 2.024757449227929 2.025093207232381 0.0 0.0 0.0 0.0 0.0 0.0 0.0 0.0 0.0 0.0 0.0 0.0 0.0 0.0 0.0 0.0 0.0 0.0 0.0 0.0 0.0 0.0 1.8588585791723515 1.8588585786749932 1.8588585779716245 1.8588585774742694
2.012760934325466 2.0131009368379993 2.0137675977473686 2.0147294549402566 2.0159364323464897 2.017323021064493 2.018813284422196 2.020326550875062 2.021783161804022 2.023109797119766 2.0242438673794187 2.0251363234353716 2.0257520778206697 2.0260675384048406 0.0 0.0 0.0 0.0 0.0 0.0 0.0 0.0 0.0 0.0 0.0 0.0 0.0 0.0 0.0 0.0 0.0 0.0 0.0 0.0 0.0 0.0 1.8603686176067202 1.8603686166530229 1.860368615304299 1.860368614350613
2.0146861444079525 2.0150212493148496 2.0156743948792557 2.016610670959952 2.017778254122391 2.0191114677176896 2.020535393653963 2.0219713620820965 2.0233427559006025 2.0245806332840455 2.0256286237155043 2.0264462659026936 2.02700905837698 2.027301577862845 0.0 0.0 0.0 0.0 0.0 0.0 0.0 0.0 0.0 0.0 0.0 0.0 0.0 0.0 0.0 0.0 0.0 0.0 0.0 0.0 0.0 0.0 1.86212767434132 1.8621276725184448 1.8621276699405367 1.8621276681176993
2.017037137451015 2.01736226536341 2.0179938827548227 2.018895255979264 2.0200133636283977 2.021282213233987 2.022627446265464 2.023971828538486 2.0252412092874312 2.026370586789441 2.0273099954865823 2.0280298697983272 2.0285242627559033 2.0288015328771976 0.0 0.0 0.0 0.0 0.0 0.0 0.0 0.0 0.0 0.0 0.0 0.0 0.0 0.0 0.0 0.0 0.0 0.0 0.0 0.0 0.0 0.0 1.864058234280494 1.8640582308186013 1.8640582259228358 1.8640582224610704
2.0197964376989384 2.0201087184170747 2.020713874583327 2.0215741334004838 2.022635626549056 2.0238319533612628 2.0250888776352878 2.026329868900573 2.0274821747807987 2.02848321647572 2.029287482440662 2.0298753463295056 2.0302697102902014 2.0305843830330517 2.0312083717104454 0.0 0.0 0.0 0.0 0.0 0.0 0.0 0.0 0.0 0.0 0.0 0.0 0.0 0.0 0.0 0.0 0.0 0.0 0.0 0.0 0.0 1.8660751132572893 1.8660751067268315 1.866075097491682 1.8660750909616646
2.0229372127213234 2.023235210605487 2.0238113533077873 2.0246271762124786 2.025628110816506 2.026747206470105 2.027909893646762 2.0290395192219353 2.0300633419323937 2.0309187086800367 2.0315592755678242 2.03196140977402 2.032130898140013 2.0321062465860895 2.0319244223141593 2.0313233434242424 2.030120952461138 2.0286195574095833 2.027038064547481 2.025552918174337 2.0243078328408584 2.0234139952095838 2.0229476535623863 0.0 0.0 0.0 0.0 0.0 0.0 0.0 0.0 0.0 0.0 0.0 0.0 0.0 1.8680893305463857 1.868089318300508 1.8680893009833304 1.868089288739013
2.026419981272966 2.0267033744711185 2.027249985744929 2.028020794628316 2.0289605560630513 2.0300016019733373 2.031068622320544 2.0320841386580475 2.0329743175236668 2.0336747234736845 2.0341355497881493 2.0343256509460734 2.0342338392403208 2.033862986805281 2.033205626418347 2.03219380122277 2.0308190383651317 2.029229331639029 2.0275946481656293 2.0260741999980283 2.024805147905066 2.0238961027531914 2.0234223223242993 0.0 0.0 0.0 0.0 0.0 0.0 0.0 0.0 0.0 0.0 0.0 0.0 0.0 1.87001229109538 1.8700122682336489 1.8700122359063542 1.8700122130503412
2.0301900830148636 2.0304595017282496 2.0309778898653748 2.031705715431099 2.0325870320534345 2.0335533088103652 2.034528198510288 2.0354329407268796 2.036192023009344 2.036738654060737 2.037019513809987 2.0369980808414043 2.036655504961215 2.03598756304576 2.0349971790375307 2.03369130174328 2.0321199372000085 2.030399578056469 2.0286742923973535 2.027089162526886 2.025774554497824 2.0248360751116743 2.024347777362706 0.0 0.0 0.0 0.0 0.0 0.0 0.0 0.0 0.0 0.0 0.0 0.0 0.0 1.8717601258516459 1.8717600832660968 1.8717600230565417 1.871759980492656
2.0341759475824635 2.034432861404652 2.0349259856509354 2.0356152917098824 2.036444106272598 2.03734294003706 2.038234231940675 2.039037702858479 2.0396759492480907 2.040079855848916 2.040193367313268 2.0399771373812516 2.0394106178164333 2.038492467046106 2.037240382677577 2.0356944803397927 2.0339297653989155 2.0320596168704785 2.0302190077861653 2.02854607564945 2.0271673071043015 2.026186543630123 2.025677191102827 0.0 0.0 0.0 0.0 0.0 0.0 0.0 0.0 0.0 0.0 0.0 0.0 0.0 1.8732580248128585 1.8732579454282985 1.8732578332223153 1.8732577539221273
2.038288287559453 2.0385348989677023 2.03900717964706 2.0396646213284173 2.0404498216503026 2.0412922936332136 2.042113180049851 2.0428305763468493 2.043365118710849 2.043645470891974 2.043613353699963 2.0432278198053084 2.042468614112483 2.041338734184612 2.0398667621949538 2.038109884118029 2.0361570825304844 2.034126230964238 2.0321523062388076 2.0303726884913744 2.0289135646068246 2.02787893933148 2.027342542406145 0.0 0.0 0.0 0.0 0.0 0.0 0.0 0.0 0.0 0.0 0.0 0.0 0.0 1.8744443901190075 1.8744442414771787 1.874444031508789 1.8744438832018069
2.0424203473760585 2.0426594753728535 2.04311657241382 2.0437506855110628 2.0445037165535314 2.045304196815856 2.0460719593555576 2.046723427004041 2.047177202111115 2.0473596452136325 2.047210172572625 2.0466860917646343 2.045766919867541 2.04445824133297 2.042795128961939 2.040844692458109 2.03870610201088 2.0365050797689825 2.034382271762731 2.0324792003816845 2.0309250750489944 2.0298260133772548 2.029257077440013 0.0 0.0 0.0 0.0 0.0 0.0 0.0 0.0 0.0 0.0 0.0 0.0 0.0 1.8752746366873592 1.8752743559233653 1.875273959845496 1.8752736804221897
2.046449309815886 2.046684258874041 2.0471328155452286 2.0477536439673703 2.048488027107119 2.0492635891744215 2.04999890415074 2.050608719114663 2.0510095001610393 2.05112502627236 2.050891822115439 2.050264334150924 2.04921988604498 2.047763504076207 2.0459324777856613 2.0437997286514706 2.041473650648436 2.039091193879674 2.0368036479011384 2.034760940084351 2.033098106818685 2.031924912099376 2.031318459922266 0.0 0.0 0.0 0.0 0.0 0.0 0.0 0.0 0.0 0.0 0.0 0.0 0.0 1.8757244758056233 1.8757239384315065 1.8757231824543943 1.8757226504466666
2.0502389109274306 2.0504733247605067 2.050920678277211 2.0515393469796246 2.052270122835528 2.053039867390162 2.0537660292726 2.0543617575674413 2.054741324959908 2.0548255995635025 2.054547387269086 2.0538566186668303 2.052725564192652 2.0511544424707897 2.0491776757083437 2.0468700681944436 2.044349610226549 2.0417701632374823 2.0392998383350447 2.0371010822187565 2.0353167422330745 2.0340608740533437 2.033412674622437 0.0 0.0 0.0 0.0 0.0 0.0 0.0 0.0 0.0 0.0 0.0 0.0 0.0 1.875792532065932 1.875791485710478 1.8757900220498203 1.8757889970120551
2.053643251174359 2.053880952699872 2.0543348149122806 2.0549630533174947 2.055706152951207 2.056490439570828 2.057232483629405 2.0578440611556283 2.0582373715906352 2.0583302302578064 2.058051036583438 2.057343507215838 2.056171510293879 2.0545248781188943 2.0524276455003485 2.0499498077669087 2.047219469180351 2.044419674904215 2.0417447819527825 2.0393734726180455 2.0374566556104994 2.0361116872132254 2.035418823097056 0.0 0.0 0.0 0.0 0.0 0.0 0.0 0.0 0.0 0.0 0.0 0.0 0.0 1.8755021645720924 1.875500085874995 1.8754972108224326 1.8754952157188014
2.056511720350833 2.056756540932421 2.0572246546782345 2.057874276603491 2.058645822305934 2.059465394607407 2.0602490676383387 2.0609076777561284 2.061351789367602 2.061496491895996 2.0612657260704306 2.060595993066857 2.059439715574533 2.0577695210492184 2.0555868405867166 2.0529414468242266 2.04996755772036 2.0469099582403447 2.0440040536473703 2.041445517034632 2.039389573222743 2.0379531386609693 2.0372150237636455 0.0 0.0 0.0 0.0 0.0 0.0 0.0 0.0 0.0 0.0 0.0 0.0 0.0 1.8749023884591314 1.8748981684495472 1.8748924578180324 1.8748885601834349
2.0586948792648245 2.0589504830571017 2.0594402651437775 2.0601226191631707 2.060938166245307 2.061813167368626 2.062663705225128 2.063400331696315 2.0639328130029946 2.0641745442189317 2.064046148156143 2.063477742607699 2.06240948244408 2.0607908004512194 2.058582232810584 2.055775582594347 2.0524776502644384 2.0490998982502697 2.0459342061031616 2.0431813674698778 2.04098890199201 2.039465830828737 2.038685669204518 0.0 0.0 0.0 0.0 0.0 0.0 0.0 0.0 0.0 0.0 0.0 0.0 0.0 1.8740678289849824 1.8740590616407642 1.8740476784666216 1.8740401307483754
2.060051065439598 2.060320778405775 2.0608389684691453 2.061564387296374 2.062438142641415 2.0633870569917576 2.0643277867813254 2.065171399469985 2.0658280281045047 2.0662111235568803 2.066240659963028 2.0658443161841276 2.0649549349834593 2.0635011381814485 2.0613866186813037 2.058463915672884 2.0546168211491938 2.0508217930488297 2.0473801122764934 2.044446854777258 2.0421376229676764 2.040543852141727 2.039730185909416 0.0 0.0 0.0 0.0 0.0 0.0 0.0 0.0 0.0 0.0 0.0 0.0 0.0 1.873097731930374 1.8730790184548087 1.8730565371020718 1.8730423429167635
2.060453417137183 2.0607400740185517 2.061292417275127 2.0620697118580766 2.063013796872706 2.064052412347211 2.065103301171267 2.066078808241983 2.0668906329294425 2.067454308919526 2.0676928386740743 2.067538536899686 2.0669309478850804 2.06580431490417 2.0640401543589153 2.0612813850133227 2.056134245480254 2.0518445550224684 2.048175783229324 2.0451206803368747 2.042740278771402 2.0411055696016938 2.040272955789478 0.0 0.0 0.0 0.0 0.0 0.0 0.0 0.0 0.0 0.0 0.0 0.0 0.0 1.8721143883924718 1.8720729245075372 1.872029864745521 1.8720047865176896
2.059796945791928 2.0601027702870485 2.060693767425999 2.0615298232016683 2.062553674283101 2.0636942137262 2.064870601668285 2.0659969455271057 2.066987282572261 2.06776059373245 2.0682456337105597 2.0683855907431896 2.068143422936393 2.0675119959137533 2.0665472761431074 2.065508392198848 0.0 0.0 0.0 0.0 0.0 0.0 0.0 0.0 0.0 0.0 0.0 0.0 0.0 0.0 0.0 0.0 0.0 0.0 0.0 0.0 1.871262596100279 1.8711652792044686 1.8710886976623091 1.8710494815184444
2.0580052394342196 2.058331771509322 2.058964526675489 2.0598640573753015 2.0609740585526737 2.062224643708639 2.0635364528422424 2.0648253972720867 2.06600784208647 2.0670060751183486 2.0677540688379894 2.0682039480534966 2.0683345718404333 2.0681659603886344 2.0677878483358745 2.067413059994226 0.0 0.0 0.0 0.0 0.0 0.0 0.0 0.0 0.0 0.0 0.0 0.0 0.0 0.0 0.0 0.0 0.0 0.0 0.0 0.0 1.8707164112441628 1.8704675203215844 1.8703565153063633 1.8703090784145744
2.0550363580322166 2.0553844370881356 2.0560606235259917 2.057026118024614 2.0582255275147285 2.059590084658596 2.0610417074021923 2.0624977277262615 2.063876119989229 2.065101104995771 2.066109125832253 2.066855428131553 2.067321850422368 2.06752672336551 2.0675366619821505 2.0674723178499796 0.0 0.0 0.0 0.0 0.0 0.0 0.0 0.0 0.0 0.0 0.0 0.0 0.0 0.0 0.0 0.0 0.0 0.0 0.0 0.0 0.0 1.8700052962727822 1.8699633064440728 1.8699354594238788
2.050887494153157 2.0512572987692006 2.051977243717232 2.053009108526733 2.0542982824199263 2.0557768908155225 2.0573677459080537 2.058988957706382 2.0605590330063546 2.0620023047251803 2.063254573445265 2.064268885018558 2.065021315243191 2.0655161754907443 2.0657884185317146 2.0658969561813922 0.0 0.0 0.0 0.0 0.0 0.0 0.0 0.0 0.0 0.0 0.0 0.0 0.0 0.0 0.0 0.0 0.0 0.0 0.0 0.0 0.0 1.8701529619974835 1.8701356279603583 1.8701214583641066
2.0455980236599727 2.0459891600810955 2.046752031531029 2.047848897656302 2.0492257560775093 2.0508153405629215 2.052540907130177 2.0543206426813194 2.0560725083973637 2.0577193157598046 2.0591938156356573 2.060443527094583 2.061434864075838 2.062155686424253 2.0626145341677016 2.062833687280381 0.0 0.0 0.0 0.0 0.0 0.0 0.0 0.0 0.0 0.0 0.0 0.0 0.0 0.0 0.0 0.0 0.0 0.0 0.0 0.0 0.0 1.8710716826573794 1.8710639446601716 1.871056920999508
2.039250660371382 2.0396622850940407 2.0404663485002197 2.0416254872765136 2.0430861320708256 2.044781350385334 2.046634429287657 2.048563029918362 2.0504837145111594 2.0523166171485494 2.0539899919122067 2.0554443053345253 2.056635409931558 2.0575361111403776 2.058135168683474 2.0584327815991106 0.0 0.0 0.0 0.0 0.0 0.0 0.0 0.0 0.0 0.0 0.0 0.0 0.0 0.0 0.0 0.0 0.0 0.0 0.0 0.0 0.0 1.8729231321909512 1.87291915405385 1.8729153404641898
2.0319705486821498 2.032401506763747 2.0332444124759355 2.0344621948815007 2.0360015776774767 2.0377957510898628 2.0397677310438342 2.041834238480214 2.043909897911491 2.0459115231645706 2.0477622257177175 2.049395039849676 2.050755702262222 2.0518041614224836 2.0525143881125296 2.052872291163179 0.0 0.0 0.0 0.0 0.0 0.0 0.0 0.0 0.0 0.0 0.0 0.0 0.0 0.0 0.0 0.0 0.0 0.0 0.0 0.0 0.0 1.8758502183342654 1.8758471142395976 1.875844056578316
2.023922267155525 2.024371227400334 2.0252502893966198 2.0265226254231448 2.0281351738640034 2.0300211351617694 2.0321031027303205 2.0342966663360493 2.036514293635612 2.0386692705912233 2.0406794653129676 2.0424706746890053 2.0439793225235956 2.045154310066133 2.0459578941886067 2.046365621899465 0.0 0.0 0.0 0.0 0.0 0.0 0.0 0.0 0.0 0.0 0.0 0.0 0.0 0.0 0.0 0.0 0.0 0.0 0.0 0.0 0.0 1.879964777476602 1.8799600170896282 1.8799553084902711
2.0153048594516423 2.015770429835409 2.0166828615561228 2.0180055663527847 2.0196856949036714 2.021656461015286 2.0238400505999983 2.0261509588622846 2.028499570496694 2.030795780803886 2.0329524579289067 2.034888577550701 2.036531929699216 2.03782139929152 2.0387089202862083 2.03916120949604 0.0 0.0 0.0 0.0 0.0 0.0 0.0 0.0 0.0 0.0 0.0 0.0 0.0 0.0 0.0 0.0 0.0 0.0 0.0 0.0 0.0 1.8853398759857352 1.885329019882713 1.8853183722778564
2.006345141671948 2.0068259524638377 2.0077690342910275 2.009138082296393 2.0108805358782997 2.0129297432346642 2.015207663302385 2.017627952297122 2.0200992544782372 2.0225285044049444 2.0248240641600344 2.0268985836586126 2.028671606608413 2.0300721478050576 2.031041652349216 2.031537649304535 0.0 0.0 0.0 0.0 0.0 0.0 0.0 0.0 0.0 0.0 0.0 0.0 0.0 0.0 0.0 0.0 0.0 0.0 0.0 0.0 0.0 1.8920066545326013 1.8919790077838594 1.8919523508769434
1.997289644027683 1.9977843913779851 1.9987555551957554 2.0001672003062265 2.001967201769412 2.0040892698027384 2.0064554686938685 2.0089790759289294 2.0115675959779606 2.014125726258985 2.0165580897767916 2.0187716352454275 2.0206778166384454 2.0221950521194114 2.023252456071626 2.023795916965522 0.0 0.0 0.0 0.0 0.0 0.0 0.0 0.0 0.0 0.0 0.0 0.0 0.0 0.0 0.0 0.0 0.0 0.0 0.0 0.0 0.0 1.899957879742904 1.8998854004671872 1.8998176617368032
1.9883956197908963 1.988903068574866 1.9898998970566126 1.9913506553721019 1.9932038520284863 1.9953938677771001 1.9978433273583915 2.0004657693723216 2.0031684115380917 2.005854772863427 2.0084269059137947 2.010787061401062 2.0128388649774402 2.0144887372395246 2.0156495450513847 2.0162498513441984 0.0 0.0 0.0 0.0 0.0 0.0 0.0 0.0 0.0 0.0 0.0 0.0 0.0 0.0 0.0 0.0 0.0 0.0 0.0 0.0 0.0 1.9091649952010656 1.9089716555039549 1.9088010195039213
1.9799215903596075 1.9804405413239248 1.98146069240215 1.9829472038668141 1.9848494351169867 1.9871027845445484 1.9896309641894112 1.992348541996032 1.9951635248894344 1.997979686571318 2.0006982733704652 2.003218689178047 2.0054379042382013 2.007249070556269 2.008542254673018 2.0092162463767824 0.0 0.0 0.0 0.0 0.0 0.0 0.0 0.0 0.0 0.0 0.0 0.0 0.0 0.0 0.0 0.0 0.0 0.0 0.0 0.0 0.0 1.9196279195714683 1.9191004069093496 1.9186815538538822
1.9721178915949642 1.972647123682611 1.973688202898907 1.9752070079629416 1.977153945055551 1.9794657566019185 1.9820677613868047 1.9848763570246952 1.9878015413520114 1.9907491039173513 1.9936219835268862 1.9963200572386572 1.9987373157551303 2.000755206708847 2.0022325741115163 2.0030065837227236 0.0 0.0 0.0 0.0 0.0 0.0 0.0 0.0 0.0 0.0 0.0 0.0 0.0 0.0 0.0 0.0 0.0 0.0 0.0 0.0 0.0 1.9315146424663647 1.9300241657026296 1.9290532433799026
1.9652176479356627 1.9657558511160889 1.9668152642764023 1.9683625485797633 1.9703492849445323 1.9727137943277315 1.9753834091923461 1.9782770383862218 1.9813077910849457 1.9843853091148766 1.9874172631775135 1.9903090982627336 1.9929602479770998 1.995252458571081 1.9970163946798627 1.9979228997885363 1.9970641130155036 0.0 0.0 0.0 0.0 0.0 0.0 0.0 0.0 0.0 0.0 0.0 0.0 0.0 0.0 0.0 0.0 0.0 0.0 0.0 1.954682346397858 1.9455740118587312 1.9411344011178449 1.9391762324422013
1.959428535926573 1.9599742518029735 1.9610490750245284 1.9626204444267041 1.9646411331246743 1.9670511136086197 1.9697799137495051 1.972749331367256 1.9758763140355522 1.9790757274573116 1.982262624641783 1.985353498233931 1.9882659353471879 1.9909165579226582 1.9932204839010021 1.9951142531658412 1.9967254542131863 1.9993616082476002 2.0027389209166104 2.0065130876046284 2.0104332821335955 2.0142802094153005 2.0178458975564504 2.0209297875944863 2.0233417411075827 2.024907920445587 2.02547754035485 2.0249293471664864 2.0231770255793142 2.020172786573133 2.0159081703081814 2.010410424264382 2.003731113969592 1.9959192111447486 1.9869585137313968 1.9766107831922184 1.963973858519063 1.9553595588959223 1.9502468753726476 1.9478626085588613
1.9549256192975049 1.9554772052747376 1.9565641067864146 1.9581544519733491 1.9602020858488975 1.9626484960427475 1.965425277689744 1.968457036536642 1.9716645907945574 1.9749682936999757 1.9782912832070336 1.9815625459504442 1.9847200746307199 1.9877156956477882 1.9905268434290335 1.9931894947825424 1.995878855122245 1.9990092978681027 2.0025802766425143 2.0064378186993355 2.010396428177838 2.01426187139176 2.0178367542832785 2.0209253364072253 2.023339824139961 2.0249076305812035 2.0254787961875387 2.024932898683881 2.0231849130991924 2.02018954312315 2.015943530818859 2.0104853811444294 2.003891952329159 1.9962722817094236 1.9877648683870794 1.9785741019641523 1.9692201347246454 1.9618190257157657 1.9569179723125996 1.954502942164664
1.9518454560636298 1.9524010837342265 1.9534963209004406 1.9550998128839123 1.9571662163313457 1.9596381806408152 1.9624489107549095 1.9655252369826681 1.9687910963492623 1.9721713204145601 1.9755956531326921 1.9790030482182832 1.9823466333550064 1.9856004428888958 1.9887701050182978 1.9919097890221402 1.9951399792377131 1.9986235198075974 2.002384277710156 2.0063387138822684 2.0103462571760278 2.0142364664071852 2.017823970146497 2.0209190825711842 2.0233371244696037 2.0249072225142717 2.0254805675518703 2.024937900554021 2.02319598910538 2.020212944607764 2.0159924200245656 2.010587128836243 2.004103032727978 1.9967077099565906 1.9886516157671352 1.9803221005776839 1.9723620496981125 1.9658023586485118 1.9612407663566294 1.958921714428395
1.9502816053612106 1.9508392958902518 1.9519387936833426 1.9535490215047728 1.9556250736175644 1.9581102300882827 1.960938576731111 1.9640381710066739 1.9673346813926047 1.9707554292158709 1.9742337982625207 1.977714079616945 1.981157007374271 1.9845464266577855 1.9878972273118856 1.9912623886313299 1.9947299706606265 1.9983895154202715 2.0022578741286905 2.0062723028770293 2.010311861230593 2.014218817903665 2.017815022331321 2.020914687181107 2.023335223064712 2.024906935221202 2.0254818169514825 2.0249414235982677 2.0232037698475382 2.020229305694784 2.0160263181973055 2.0106566811878928 2.004243901393057 1.9969869888111467 1.989185208311743 1.9812766044516592 1.9738742017751525 1.9677175340797093 1.9633611574693621 1.9611175661379792
0.0 0.0 0.0 0.0 0.0 0.0 0.0 0.0 0.0 0.0 0.0 0.0 0.0 0.0 0.0 0.0 0.0 0.0 0.0 0.0 0.0 0.0 0.0 0.0 0.0 0.0 0.0 0.0 0.0 0.0 0.0 0.0 0.0 0.0 0.0 0.0 0.0 0.0 0.0 0.0
0.0 0.0 0.0 0.0 0.0 0.0 0.0 0.0 0.0 0.0 0.0 0.0 0.0 0.0 0.0 0.0 0.0 0.0 0.0 0.0 0.0 0.0 0.0 0.0 0.0 0.0 0.0 0.0 0.0 0.0 0.0 0.0 0.0 0.0 0.0 0.0 0.0 0.0 0.0 0.0
0.0 0.0 0.0 0.0 0.0 0.0 0.0 0.0 0.0 0.0 0.0 0.0 0.0 0.0 0.0 0.0 0.0 0.0 0.0 0.0 0.0 0.0 0.0 0.0 0.0 0.0 0.0 0.0 0.0 0.0 0.0 0.0 0.0 0.0 0.0 0.0 0.0 0.0 0.0 0.0
0.0 0.0 0.0 0.0 0.0 0.0 0.0 0.0 0.0 0.0 0.0 0.0 0.0 0.0 0.0 0.0 0.0 0.0 0.0 0.0 0.0 0.0 0.0 0.0 0.0 0.0 0.0 0.0 0.0 0.0 0.0 0.0 0.0 0.0 0.0 0.0 0.0 0.0 0.0 0.0
0.0 0.0 0.0 0.0 0.0 0.0 0.0 0.0 0.0 0.0 0.0 0.0 0.0 0.0 0.0 0.0 0.0 0.0 0.0 0.0 0.0 0.0 0.0 0.0 0.0 0.0 0.0 0.0 0.0 0.0 0.0 0.0 0.0 0.0 0.0 0.0 0.0 0.0 0.0 0.0
0.0 0.0 0.0 0.0 0.0 0.0 0.0 0.0 0.0 0.0 0.0 0.0 0.0 0.0 0.0 0.0 0.0 0.0 0.0 0.0 0.0 0.0 0.0 0.0 0.0 0.0 0.0 0.0 0.0 0.0 0.0 0.0 0.0 0.0 0.0 0.0 0.0 0.0 0.0 0.0
0.0 0.0 0.0 0.0 0.0 0.0 0.0 0.0 0.0 0.0 0.0 0.0 0.0 0.0 0.0 0.0 0.0 0.0 0.0 0.0 0.0 0.0 0.0 0.0 0.0 0.0 0.0 0.0 0.0 0.0 0.0 0.0 0.0 0.0 0.0 0.0 0.0 0.0 0.0 0.0
0.0 0.0 0.0 0.0 0.0 0.0 0.0 0.0 0.0 0.0 0.0 0.0 0.0 0.0 0.0 0.0 0.0 0.0 0.0 0.0 0.0 0.0 0.0 0.0 0.0 0.0 0.0 0.0 0.0 0.0 0.0 0.0 0.0 0.0 0.0 0.0 0.0 0.0 0.0 0.0
0.0 0.0 0.0 0.0 0.0 0.0 0.0 0.0 0.0 0.0 0.0 0.0 0.0 0.0 0.0 0.0 0.0 0.0 0.0 0.0 0.0 0.0 0.0 0.0 0.0 0.0 0.0 0.0 0.0 0.0 0.0 0.0 0.0 0.0 0.0 0.0 0.0 0.0 0.0 0.0
0.0 0.0 0.0 0.0 0.0 0.0 0.0 0.0 0.0 0.0 0.0 0.0 0.0 0.0 0.0 0.0 0.0 0.0 0.0 0.0 0.0 0.0 0.0 0.0 0.0 0.0 0.0 0.0 0.0 0.0 0.0 0.0 0.0 0.0 0.0 0.0 0.0 0.0 0.0 0.0
