1.0042259958119033
0.0 1.9898993644867307 1.9890116999918321 1.9915908847419443 1.998999291743458 2.0036704863709747 2.005725193450315 2.005418960126999 2.003084491165758 1.9990961765074104
1.9862115647649314 1.9845850606021775 1.9842533800176705 1.9849224681263329 0.0 0.0 0.0 0.0 0.0 1.9938494914385245
1.9819093075706717 1.9816971061803692 1.9817495042966247 1.9820630818478309 0.0 0.0 0.0 0.0 0.0 1.9877485869674623
1.9769388366522977 0.0 0.0 0.0 0.0 0.0 0.0 0.0 0.0 1.9812012164850872
1.9710225825241778 0.0 0.0 0.0 0.0 0.0 0.0 0.0 0.0 1.9746271162989804
1.9645469986364203 0.0 0.0 0.0 0.0 0.0 0.0 0.0 0.0 1.9684914382501328
1.9579416175733737 0.0 0.0 0.0 0.0 0.0 0.0 0.0 0.0 1.9633732897571394
1.951700302093299 0.0 0.0 0.0 0.0 0.0 0.0 1.9537098758800728 1.9567378992717912 1.9600600274764073
1.9464229947539011 1.9444176588015232 1.9440560862439773 1.9448132730417094 1.946448451527284 1.9487968397890636 1.9517295276566156 1.955201287784335 1.9579662497796628 1.959820355885558
1.94486132531144 1.9445532331434165 1.9448695017684055 1.9459992498564707 1.9478781695597036 1.9503674285644612 1.9532761079079402 1.9562980097110914 1.9587667634773023 1.9602197653292974
