1.4326077663569432
0.0 2.8198095119372972 2.8299151760617685 2.848777201727961 2.8740139952298773 2.9035330415428953 2.9358780745462063 2.9699883294404037 3.004715175107813 3.0384590547729955 3.0691477160085703 3.0945387793296404 3.1126441190566663 3.1220513392907465 0.0 0.0 0.0 0.0 0.0 0.0 0.0 0.0 0.0 0.0 0.0 0.0 0.0 0.0 0.0 0.0 0.0 0.0 0.0 0.0 0.0 0.0 2.982392451597151 2.986196997454578 2.9915783059331513 2.9953840797593956
2.847914189231338 2.8443776729102233 2.854257505764044 2.873095407380798 2.897840793736717 2.9262220909751746 2.956702632239056 2.9881955071020156 3.0196131860978928 3.0495455481874836 3.0762578863220735 3.0979724061794935 3.1132222812671406 3.1210609682090977 0.0 0.0 0.0 0.0 0.0 0.0 0.0 0.0 0.0 0.0 0.0 0.0 0.0 0.0 0.0 0.0 0.0 0.0 0.0 0.0 0.0 0.0 2.98515115216805 2.9886920804623935 2.9937004374503107 2.997242395727038
2.882644809720316 2.8867490641529048 2.899021322612201 2.91823305119523 2.942016097970966 2.9681826676505194 2.9951365986804532 3.0217543902693706 3.0470469881922937 3.069927373340013 3.0892567093869374 3.104102313624758 3.113976487672572 3.1188410650744 0.0 0.0 0.0 0.0 0.0 0.0 0.0 0.0 0.0 0.0 0.0 0.0 0.0 0.0 0.0 0.0 0.0 0.0 0.0 0.0 0.0 0.0 2.9904693460958423 2.9935179467599102 2.9978298276967577 3.0008791476470202
2.9392421700987055 2.9457828582205092 2.9592336036332667 2.978133139747781 3.0001611998151603 3.023082857126402 3.045194661773139 3.0653057658091267 3.0825176625243795 3.096106773968441 3.1056496335747967 3.111282318410863 3.1138300432363715 3.1145713189219846 0.0 0.0 0.0 0.0 0.0 0.0 0.0 0.0 0.0 0.0 0.0 0.0 0.0 0.0 0.0 0.0 0.0 0.0 0.0 0.0 0.0 0.0 2.997534078236258 2.999926066660456 3.0033091437260446 3.005701548819999
3.0066672843497533 3.013681901800338 3.0269158042773916 3.0444468553924784 3.0637849687933887 3.082570148582605 3.0989664201868243 3.111691139289583 3.1198938255606423 3.123157163116384 3.1217245510304306 3.116807242617525 3.1106834609840384 3.106330269221103 0.0 0.0 0.0 0.0 0.0 0.0 0.0 0.0 0.0 0.0 0.0 0.0 0.0 0.0 0.0 0.0 0.0 0.0 0.0 0.0 0.0 0.0 3.004558228720852 3.006213325241398 3.0085541345423517 3.0102094422971124
3.074147118585428 3.0806908441646152 3.092614674846981 3.1077664092529145 3.1235535461572677 3.137543393352178 3.1478131667562708 3.153001507439718 3.1522584547489023 3.1453443788097517 3.1329551401586797 3.1171078330472457 3.1013412023700493 3.090628227815444 0.0 0.0 0.0 0.0 0.0 0.0 0.0 0.0 0.0 0.0 0.0 0.0 0.0 0.0 0.0 0.0 0.0 0.0 0.0 0.0 0.0 0.0 3.0089695117141773 3.009898223463258 3.011211704419964 3.012140535256856
3.131946317340017 3.137477837592426 3.147308820522314 3.1592800034090893 3.1708539595592184 3.1796588111201287 3.183796899023205 3.1818941375777436 3.1730833656691835 3.1571549086579513 3.1349240567029053 3.1086282243063597 3.0821971440874893 3.062025526998519 0.0 0.0 0.0 0.0 0.0 0.0 0.0 0.0 0.0 0.0 0.0 0.0 0.0 0.0 0.0 0.0 0.0 0.0 0.0 0.0 0.0 0.0 3.0082286483987906 3.0085259375889137 3.0089464334714005 3.0092438152620433
3.172705059966169 3.176907852534956 3.184142321819159 3.192394822879601 3.199337454417178 3.2028186761555117 3.201120166137959 3.192975651736423 3.177545368875514 3.1545619604223054 3.1246555491333843 3.0895599043482536 3.0516673899713576 3.0120362665033236 2.9637644948374215 0.0 0.0 0.0 0.0 0.0 0.0 0.0 0.0 0.0 0.0 0.0 0.0 0.0 0.0 0.0 0.0 0.0 0.0 0.0 0.0 0.0 3.000899833060119 3.000728199284653 3.000485521256164 3.0003139564745025
3.1925930657280794 3.1953166078079427 3.1997041979247762 3.2039690796962677 3.2061051525519555 3.2043277874642646 3.1972671577472793 3.1839287222762223 3.163622054043673 3.136069120485022 3.101694018344224 3.0618073232192073 3.018245282877099 2.9721424690042184 2.922149637178357 2.86604167632152 2.8333160026339668 2.818466681117813 2.816941267861943 2.8239159337812794 2.834483287849625 2.844264949932118 2.8500131194352023 0.0 0.0 0.0 0.0 0.0 0.0 0.0 0.0 0.0 0.0 0.0 0.0 0.0 2.9874358364193467 2.9870020589561825 2.9863886195964584 2.985954862804293
3.1918466985432965 3.193078986150517 3.1945976640133873 3.194859520076335 3.1922349307588904 3.18541459180708 3.173534342727928 3.156052804653035 3.1326001098124316 3.103018523689684 3.067618459216792 3.0274245044839225 2.984104017170269 2.939510383697924 2.895411553743962 2.855067104632978 2.828029692302215 2.8149304718785686 2.813324109265481 2.8193639442328173 2.8287446467175257 2.837505882670792 2.842675003031643 0.0 0.0 0.0 0.0 0.0 0.0 0.0 0.0 0.0 0.0 0.0 0.0 0.0 2.9702504657126507 2.9697797307952856 2.969113991077107 2.968643227880372
3.174476734687976 3.1743231722195095 3.1731512484920565 3.169622653188475 3.162478104937467 3.150939075833059 3.134769172053631 3.114049294972748 3.0889103394075814 3.0594653686057334 3.0259977312703743 2.9892415854197862 2.9505197342713743 2.9116674615674274 2.874985091171104 2.8435944467901724 2.8215886048844836 2.8100328860481976 2.807619013422475 2.811578588122702 2.818529657741565 2.825245210359136 2.8292615005133688 0.0 0.0 0.0 0.0 0.0 0.0 0.0 0.0 0.0 0.0 0.0 0.0 0.0 2.952873976658527 2.9525832361960567 2.952172045834749 2.951881275420245
3.1471774720514025 3.1458400097469403 3.142325419371756 3.135418671842121 3.1241689831132384 3.1083252420327883 3.0883494720377342 3.065076969758467 3.0392975532498405 3.011531044246617 2.982094806141479 2.9513590156126894 2.9200010242891787 2.8891444073293893 2.860404785524501 2.8358635974595323 2.8176626415257173 2.806673023487242 2.8023183543704175 2.80290721347164 2.8061702877632677 2.8098430902186995 2.812157138836042 0.0 0.0 0.0 0.0 0.0 0.0 0.0 0.0 0.0 0.0 0.0 0.0 0.0 2.938347034729746 2.9384187986641654 2.9385203097438604 2.938592104693249
3.1177045128547505 3.1154604248984117 3.1100891742706525 3.1003896807586075 3.085613617028723 3.06597714596429 3.04265092545405 3.0173023518252067 2.991496265854147 2.966267862406182 2.942018147596362 2.9186923541383782 2.896099726194394 2.8742373136486625 2.85352530181409 2.8348637959298078 2.8193763873667446 2.8078277374871576 2.800317099292664 2.796274514944673 2.7946825892359293 2.7944103864514576 2.794530135212937 0.0 0.0 0.0 0.0 0.0 0.0 0.0 0.0 0.0 0.0 0.0 0.0 0.0 2.927542226011211 2.928102242519741 2.9288942763804666 2.929454367612667
3.093135404397778 3.0903154838462465 3.0836791618736377 3.0719195788436453 3.054356821286304 3.031565916626435 3.0053736680004257 2.97829162260513 2.9527199955908214 2.9302842360860017 2.911519337910484 2.895936382448681 2.882383168957657 2.8695556347690774 2.8564961705339242 2.8429106283924206 2.829174635203896 2.816044222260653 2.80431440373301 2.794583453518374 2.7871823451957836 2.7822353467466407 2.779764197934326 0.0 0.0 0.0 0.0 0.0 0.0 0.0 0.0 0.0 0.0 0.0 0.0 0.0 2.918461936202257 2.9195677215300484 2.921131415503194 2.9222370411530822
3.078419215257888 3.075383986577365 3.0681432387382213 3.0551724797634745 3.0357173370374637 3.0105685064201193 2.9820973503383943 2.953600138285891 2.9283070868893906 2.9084685857510735 2.894807293426164 2.886451880282242 2.881321168622115 2.876816055070938 2.870598801078788 2.861215924194727 2.84837994684784 2.8328669545886633 2.816157108399871 2.800018358774148 2.7861693718741276 2.776058915793096 2.77073006192457 0.0 0.0 0.0 0.0 0.0 0.0 0.0 0.0 0.0 0.0 0.0 0.0 0.0 2.907206898102712 2.908854889401949 2.911184472814793 2.912831079952634
3.075479575621133 3.0725927670792563 3.065434845791345 3.0521778997835467 3.031861878192242 3.005331948064511 2.9753419865599477 2.945841727458471 2.9208141152377936 2.903121924754275 2.8937272406755072 2.891482002362784 2.8935143822636546 2.8960711254617544 2.8955494382899443 2.8894121697135136 2.8767428241796638 2.8583201905483113 2.836246932438516 2.8133959592305633 2.7928430603814474 2.777370711361974 2.769073063211244 0.0 0.0 0.0 0.0 0.0 0.0 0.0 0.0 0.0 0.0 0.0 0.0 0.0 2.8902672762437045 2.892422757694445 2.8954666889438885 2.89761633306674
3.082964636959324 3.0805664721918893 3.074161319461293 3.06157482567526 3.041541470465124 3.014799691495239 2.984285639501214 2.9544042576288656 2.9297402320975485 2.9137023547282648 2.9075313042321556 2.9099448971496074 2.917497259837166 2.9255171450985267 2.9293283949715287 2.9254147963167263 2.91225974851038 2.8906417935609827 2.8631920838901173 2.8337548370248196 2.8066522488413748 2.785937598408641 2.774732955638598 0.0 0.0 0.0 0.0 0.0 0.0 0.0 0.0 0.0 0.0 0.0 0.0 0.0 2.8668759156787145 2.8695261480066874 2.873257764759077 2.8758866554318225
3.0966320273455716 3.0950176668689005 3.0899818083122748 3.0790162862005315 3.0604981693241937 3.034914791714691 3.0051603057892886 2.975838775582365 2.951914541732661 2.9372171558432116 2.9332786714623498 2.938839142383831 2.9501416353054273 2.9618903640493772 2.968563332264651 2.9657606584495064 2.9513908505379125 2.9263928233320073 2.8938394921281136 2.858335941308923 2.825243818168166 2.7997350743767333 2.785868157985701 0.0 0.0 0.0 0.0 0.0 0.0 0.0 0.0 0.0 0.0 0.0 0.0 0.0 2.8401462581594927 2.8433830825283373 2.847900278240226 2.851061024088885
3.1103169313453236 3.109723457571028 3.1065964021676056 3.0981680205677016 3.0824641725808166 3.0596075172668793 3.032217348990069 3.0047965277554445 2.9824036906328115 2.969103329088734 2.9666919640283327 2.9740782999713744 2.9874749793406052 3.0012841710269376 3.0093623685606437 3.006410185804361 2.9896281260045394 2.960926634596641 2.9237159251348572 2.8830101173221014 2.844876973271151 2.8153500573794252 2.799251961969377 0.0 0.0 0.0 0.0 0.0 0.0 0.0 0.0 0.0 0.0 0.0 0.0 0.0 2.8164753767993886 2.8206433890380214 2.8263120177390086 2.830208098849583
3.1173729241293975 3.117971553965326 3.117196058617995 3.112151241533405 3.100578447892945 3.082164030250677 3.0590293194966347 3.035251928112373 3.015652171404993 3.0042884845216284 3.00314720472329 3.0114242232740454 3.025585076745848 3.0400891524898563 3.048410600877681 3.0440313036666646 3.0221324625288264 2.9890400703943985 2.9477892590472963 2.903094947271758 2.8612486359195617 2.8287955413984234 2.8110769884772093 0.0 0.0 0.0 0.0 0.0 0.0 0.0 0.0 0.0 0.0 0.0 0.0 0.0 2.803491889720448 2.809529202605739 2.8172051890598517 2.822265613014926
3.112333295689457 3.1142175718596867 3.1161046454503856 3.115147746337496 3.1089252089896795 3.0966669599045193 3.079806983745343 3.0616810427868497 3.0465196145926585 3.038095489979774 3.0384626919648072 3.0471827884602343 3.0612576270453213 3.0756756123296336 3.0840836696454774 3.078416575940571 3.043564356238744 3.005504174441713 2.9614060661588346 2.9144138285140375 2.870559425070409 2.836551740520676 2.817976341400512 0.0 0.0 0.0 0.0 0.0 0.0 0.0 0.0 0.0 0.0 0.0 0.0 0.0 2.8071367987167557 2.8175308811182616 2.8288674635873794 2.8357425089180257
3.0923658656493074 3.09552814796624 3.1001931291286438 3.1037596324985532 3.1038068758789805 3.0991481266658076 3.0904042161175496 3.0799026684629673 3.070956287482181 3.0667637704478405 3.069284856574303 3.078465279409677 3.0920835536796223 3.1062687398892543 3.116575825730057 3.119884305830313 0.0 0.0 0.0 0.0 0.0 0.0 0.0 0.0 0.0 0.0 0.0 0.0 0.0 0.0 0.0 0.0 0.0 0.0 0.0 0.0 2.8281142681942715 2.849977454224313 2.8674592914564667 2.8766319721826092
3.058040899624129 3.0623394856760644 3.069617657431218 3.0777120670541036 3.084391706398266 3.088157581931388 3.088785571121729 3.087427516259148 3.08622715907654 3.087553162389803 3.0930847636627448 3.1030760668484523 3.1161018472887645 3.129416927718181 3.1398529010508818 3.145108866362953 0.0 0.0 0.0 0.0 0.0 0.0 0.0 0.0 0.0 0.0 0.0 0.0 0.0 0.0 0.0 0.0 0.0 0.0 0.0 0.0 2.856361784765813 2.9124138755686104 2.936521669979751 2.946783629317747
3.0131229822796874 3.0182535910699566 3.0276273915423544 3.0396818596052655 3.052569360398698 3.06464450280453 3.0749214331842945 3.0833499849338377 3.090781673817391 3.098579173403699 3.1079657501703064 3.1193658574956857 3.1320478512718215 3.144262976955779 3.1538408770503357 3.159004978558698 0.0 0.0 0.0 0.0 0.0 0.0 0.0 0.0 0.0 0.0 0.0 0.0 0.0 0.0 0.0 0.0 0.0 0.0 0.0 0.0 0.0 3.0274595468026755 3.0362081466517847 3.041975643894573
2.963482508731202 2.9689718030794063 2.9795486747390747 2.994368014480779 3.012143776730151 3.0312978144221274 3.050282745828632 3.0679818716831035 3.083993631183794 3.0986160024248384 3.1124839124537838 3.126021128027666 3.1390074724016666 3.1505089285607 3.159197686931783 3.1638691494093854 0.0 0.0 0.0 0.0 0.0 0.0 0.0 0.0 0.0 0.0 0.0 0.0 0.0 0.0 0.0 0.0 0.0 0.0 0.0 0.0 0.0 3.1423690197158263 3.1458446424590445 3.14867780620717
2.915581144520866 2.9208140526165804 2.93137995168829 2.947214558796947 2.9677402938032205 2.9916851163307796 3.01723635876342 3.042497144899475 3.0660167722689335 3.0871002973644734 3.1057232347484645 3.12212216279467 3.1363363136721736 3.1479834478913946 3.1563639995050345 3.1607672805464557 0.0 0.0 0.0 0.0 0.0 0.0 0.0 0.0 0.0 0.0 0.0 0.0 0.0 0.0 0.0 0.0 0.0 0.0 0.0 0.0 0.0 3.2508168898182146 3.2523330120624085 3.253710509474434
2.875103195675539 2.879384978656687 2.8885342826215252 2.9032813724849995 2.9238636087219527 2.9495524935135458 2.9786220832268286 3.0087895362060704 3.037890064538885 3.064421832882731 3.087693849247451 3.1075699761824387 3.124046046271576 3.136951975648599 3.1459171935869805 3.1505301063813285 0.0 0.0 0.0 0.0 0.0 0.0 0.0 0.0 0.0 0.0 0.0 0.0 0.0 0.0 0.0 0.0 0.0 0.0 0.0 0.0 0.0 3.344855848176346 3.3456014379471637 3.346317066306958
2.8461399783514922 2.848784069596933 2.855104675700011 2.8666006561421886 2.884387625927215 2.908490374281616 2.9376263216236387 2.9695629335961367 3.0018250111134157 3.032362802328172 3.059865804425632 3.083660764449529 3.1033851541230457 3.1187064245416214 3.12923689488144 3.13461203414321 0.0 0.0 0.0 0.0 0.0 0.0 0.0 0.0 0.0 0.0 0.0 0.0 0.0 0.0 0.0 0.0 0.0 0.0 0.0 0.0 0.0 3.417953201057176 3.418380632029392 3.4188015688787945
2.83102242799524 2.831447788225783 2.8337250340298428 2.8400669305945745 2.8524874342408153 2.8719230314764417 2.897843594444301 2.9284722928127382 2.9614212926359147 2.9943713950827524 3.025477172375174 3.0534076322339687 3.077165126458725 3.095905152456098 3.108886464047109 3.1155348445084563 0.0 0.0 0.0 0.0 0.0 0.0 0.0 0.0 0.0 0.0 0.0 0.0 0.0 0.0 0.0 0.0 0.0 0.0 0.0 0.0 0.0 3.466032222121193 3.466315282621767 3.4665969071027862
2.830621216164048 2.8284378966492807 2.825832098055561 2.8256546752444844 2.8307940023277833 2.8431856158905564 2.863269320513449 2.8900353014246543 2.9215085987811933 2.9553496373094243 2.9892847376480045 3.0212701218922433 3.0494842114619107 3.0723065532084024 3.0883700950535737 3.0966697274110637 0.0 0.0 0.0 0.0 0.0 0.0 0.0 0.0 0.0 0.0 0.0 0.0 0.0 0.0 0.0 0.0 0.0 0.0 0.0 0.0 0.0 3.4875280006118627 3.4877255147424764 3.487922573886875
2.844807193891597 2.8398675394101307 2.8320198942647865 2.824660195950884 2.821481983829333 2.8254231699372423 2.8379913120890325 2.8591207178337323 2.8874603151039206 2.920838840366026 2.9566743283090227 2.9922377677932044 3.0248202804753985 3.0518927191142646 3.071293986663978 3.08142583011853 0.0 0.0 0.0 0.0 0.0 0.0 0.0 0.0 0.0 0.0 0.0 0.0 0.0 0.0 0.0 0.0 0.0 0.0 0.0 0.0 0.0 3.482968415155459 3.483084568246815 3.483199869600191
2.8728012095944333 2.865200228197149 2.8522361676099903 2.837743548223021 2.826108804872922 2.8211900452629695 2.8255343089751723 2.8400524466443153 2.8641022284124174 2.895800461468229 2.932388525972477 2.9705701122477586 3.0068282258614225 3.037745857875181 3.0603213975658536 3.0722591751937225 0.0 0.0 0.0 0.0 0.0 0.0 0.0 0.0 0.0 0.0 0.0 0.0 0.0 0.0 0.0 0.0 0.0 0.0 0.0 0.0 0.0 3.4544386669221154 3.454442961502882 3.454443222927671
2.913280019671408 2.9033032114846056 2.8857321071904383 2.86472740589777 2.845223884213583 2.8318460437715296 2.8280427706304962 2.835607024809913 2.8545797469017504 2.88342565734613 2.9193532714579336 2.958701290497847 2.997359980634334 3.0311984289335885 3.056451369577656 3.0700524835871272 0.0 0.0 0.0 0.0 0.0 0.0 0.0 0.0 0.0 0.0 0.0 0.0 0.0 0.0 0.0 0.0 0.0 0.0 0.0 0.0 0.0 3.405204802384513 3.405034704923704 3.4048444686409143
2.964254258125325 2.9522901316569796 2.930836284262205 2.9042737117687247 2.8779286943341456 2.856995215448185 2.8456129368720644 2.8462740518578014 2.859598599003449 2.884415636319347 2.918051843670165 2.956743880463599 2.996111376860439 3.0316233421100476 3.0589700398813755 3.0742632160814996 0.0 0.0 0.0 0.0 0.0 0.0 0.0 0.0 0.0 0.0 0.0 0.0 0.0 0.0 0.0 0.0 0.0 0.0 0.0 0.0 0.0 3.339668711849085 3.3392320921733214 3.338695871050453
3.022830031974305 3.0092785473160997 2.9847037975008623 2.9536211968116715 2.9216035653746175 2.8942107435926596 2.876034855828354 2.8700440640178217 2.8772926727826778 2.8969616889627217 2.9266381675169955 2.962735699166727 3.0009756131293264 3.0368561044379256 3.0659922827608472 3.0839524940362857 0.0 0.0 0.0 0.0 0.0 0.0 0.0 0.0 0.0 0.0 0.0 0.0 0.0 0.0 0.0 0.0 0.0 0.0 0.0 0.0 0.0 3.2636521241558163 3.2628893553021143 3.2616372440516073
3.085002180622453 3.070211151817271 3.0431898767132535 3.0085305975660748 2.971939256361797 2.9391651036749398 2.9150323482314757 2.90276831131834 2.903710478059837 2.917359017587124 2.941668005464697 2.9734579679062234 3.008872991742673 3.043873884679262 3.074858707868184 3.0997650337460985 3.1211472308281065 0.0 0.0 0.0 0.0 0.0 0.0 0.0 0.0 0.0 0.0 0.0 0.0 0.0 0.0 0.0 0.0 0.0 0.0 0.0 3.165879742212413 3.1846945153159383 3.184006935485586 3.1809212857009097
3.145637712779116 3.129884916535902 3.1009650478968256 3.063516725727708 3.0233053228568796 2.986142300637227 2.9569155490578365 2.9389381752655646 2.933700273841437 2.940972268212296 2.959120118798565 2.9854875001227654 3.0167691973887862 3.049401067247692 3.0800758948289215 3.106512342660351 3.128373143265723 3.146471761647083 3.1587582782625527 3.169979478829333 3.185086881168523 3.208373917657309 3.2423166924450473 3.286820661650954 3.339124576335094 3.3942540130890855 3.4458221507257756 3.48704977176426 3.5118978274596384 3.5161210869090422 3.498003603833417 3.458640884135697 3.4018236574703677 3.3337028064451433 3.2624273571674953 3.1979643727649174 3.15257899875074 3.130273506619942 3.1140438690687944 3.1048761492419437
3.1988005928087775 3.182316615903604 3.1519580129897307 3.1123968877017067 3.0694196224120947 3.028828081424531 2.9954742291441216 2.9726485034690255 2.9619004344051363 2.9632105748180573 2.975332839615388 2.996132635961458 3.0228459923465616 3.0523145674834273 3.0813298011465466 3.1071763664443126 3.1282437313600377 3.1441929797708177 3.155825859023254 3.1667779666455522 3.181721645959817 3.20489754159259 3.2387881610812053 3.283314541587925 3.3357255072075898 3.391046682790381 3.4428775874391206 3.484406324089181 3.5095369566632457 3.513941399936238 3.4957976027529454 3.456073461409037 3.39839541545496 3.328647359364433 3.2544099819432932 3.1841968066001427 3.1260564093801047 3.083623925330842 3.054470422893437 3.039290623966469
3.2384992556891623 3.2215071307417533 3.1901531801734047 3.1491353572982863 3.104245784249396 3.0612527587987306 3.0249403046889984 2.998536286785664 2.983599041206159 2.9802523404095975 2.987550713774851 3.0037760941784604 3.0265942383565605 3.053155711642462 3.0803146804401536 3.1050942367156313 3.125353524642926 3.140424020822484 3.1515722326258695 3.1622307197782242 3.176958979508984 3.19998037249608 3.2337977174726253 3.2783561105571843 3.330918880253255 3.3865116581889367 3.438714546859277 3.4806694054165908 3.5062000264393562 3.510861842849837 3.492684919779496 3.452463785830058 3.3936170797305243 3.321739246477977 3.243934161190324 3.1679141903278283 3.1007503631543134 3.047261981447553 3.009777103612757 2.9903501880022523
3.2597669784665806 3.2425102193954087 3.2106397541129277 3.168868609273766 3.1229901822111676 3.078747988473956 3.0408781534843823 3.012561796262543 2.995351446393158 2.989443375812567 2.9940560578750195 3.007702141422119 3.028285403833973 3.053126766685204 3.0791204157978385 3.103178396281066 3.122954360999676 3.137641071399679 3.1485344137294113 3.1590088988145597 3.173589967889483 3.19650299966929 3.2302687209847476 3.274849953410758 3.3275203525687473 3.3833054948016437 3.435771680485306 3.4780280476338308 3.503841746111155 3.5086862886297183 3.4904884926315027 3.4499242855579233 3.3902777095034455 3.316976384361271 3.236898088496685 3.1574829465675354 3.0856973488956982 3.027086874518237 2.9855774605707723 2.964021299356454
0.0 0.0 0.0 0.0 0.0 0.0 0.0 0.0 0.0 0.0 0.0 0.0 0.0 0.0 0.0 0.0 0.0 0.0 0.0 0.0 0.0 0.0 0.0 0.0 0.0 0.0 0.0 0.0 0.0 0.0 0.0 0.0 0.0 0.0 0.0 0.0 0.0 0.0 0.0 0.0
0.0 0.0 0.0 0.0 0.0 0.0 0.0 0.0 0.0 0.0 0.0 0.0 0.0 0.0 0.0 0.0 0.0 0.0 0.0 0.0 0.0 0.0 0.0 0.0 0.0 0.0 0.0 0.0 0.0 0.0 0.0 0.0 0.0 0.0 0.0 0.0 0.0 0.0 0.0 0.0
0.0 0.0 0.0 0.0 0.0 0.0 0.0 0.0 0.0 0.0 0.0 0.0 0.0 0.0 0.0 0.0 0.0 0.0 0.0 0.0 0.0 0.0 0.0 0.0 0.0 0.0 0.0 0.0 0.0 0.0 0.0 0.0 0.0 0.0 0.0 0.0 0.0 0.0 0.0 0.0
0.0 0.0 0.0 0.0 0.0 0.0 0.0 0.0 0.0 0.0 0.0 0.0 0.0 0.0 0.0 0.0 0.0 0.0 0.0 0.0 0.0 0.0 0.0 0.0 0.0 0.0 0.0 0.0 0.0 0.0 0.0 0.0 0.0 0.0 0.0 0.0 0.0 0.0 0.0 0.0
0.0 0.0 0.0 0.0 0.0 0.0 0.0 0.0 0.0 0.0 0.0 0.0 0.0 0.0 0.0 0.0 0.0 0.0 0.0 0.0 0.0 0.0 0.0 0.0 0.0 0.0 0.0 0.0 0.0 0.0 0.0 0.0 0.0 0.0 0.0 0.0 0.0 0.0 0.0 0.0
0.0 0.0 0.0 0.0 0.0 0.0 0.0 0.0 0.0 0.0 0.0 0.0 0.0 0.0 0.0 0.0 0.0 0.0 0.0 0.0 0.0 0.0 0.0 0.0 0.0 0.0 0.0 0.0 0.0 0.0 0.0 0.0 0.0 0.0 0.0 0.0 0.0 0.0 0.0 0.0
0.0 0.0 0.0 0.0 0.0 0.0 0.0 0.0 0.0 0.0 0.0 0.0 0.0 0.0 0.0 0.0 0.0 0.0 0.0 0.0 0.0 0.0 0.0 0.0 0.0 0.0 0.0 0.0 0.0 0.0 0.0 0.0 0.0 0.0 0.0 0.0 0.0 0.0 0.0 0.0
0.0 0.0 0.0 0.0 0.0 0.0 0.0 0.0 0.0 0.0 0.0 0.0 0.0 0.0 0.0 0.0 0.0 0.0 0.0 0.0 0.0 0.0 0.0 0.0 0.0 0.0 0.0 0.0 0.0 0.0 0.0 0.0 0.0 0.0 0.0 0.0 0.0 0.0 0.0 0.0
0.0 0.0 0.0 0.0 0.0 0.0 0.0 0.0 0.0 0.0 0.0 0.0 0.0 0.0 0.0 0.0 0.0 0.0 0.0 0.0 0.0 0.0 0.0 0.0 0.0 0.0 0.0 0.0 0.0 0.0 0.0 0.0 0.0 0.0 0.0 0.0 0.0 0.0 0.0 0.0
0.0 0.0 0.0 0.0 0.0 0.0 0.0 0.0 0.0 0.0 0.0 0.0 0.0 0.0 0.0 0.0 0.0 0.0 0.0 0.0 0.0 0.0 0.0 0.0 0.0 0.0 0.0 0.0 0.0 0.0 0.0 0.0 0.0 0.0 0.0 0.0 0.0 0.0 0.0 0.0
