1.401347300575514
0.0 2.9967648611817004 2.99623299761624 2.9952946544212473 2.9940236017299195 2.992485612041381 2.9907515475478785 2.9889014900690323 2.9870256034703857 2.985223078036405 2.983599100168491 2.982259238374118 2.9813005894903757 2.980799765862922 0.0 0.0 0.0 0.0 0.0 0.0 0.0 0.0 0.0 0.0 0.0 0.0 0.0 0.0 0.0 0.0 0.0 0.0 0.0 0.0 0.0 0.0 2.5760430291809837 2.5760430298593473 2.576043030818696 2.576043031497055
2.9970903132944637 2.9967539256757303 2.996104955570398 2.9951071236211053 2.9937894651256567 2.9922037615916657 2.9904157805012472 2.988503621465774 2.986557196474892 2.9846772322343953 2.982972886206678 2.981556875691698 2.9805366960706317 2.980000786039134 0.0 0.0 0.0 0.0 0.0 0.0 0.0 0.0 0.0 0.0 0.0 0.0 0.0 0.0 0.0 0.0 0.0 0.0 0.0 0.0 0.0 0.0 2.576892274405908 2.5768922754754695 2.5768922769880485 2.5768922780575965
2.9968728009899905 2.9965086626985427 2.995789418389581 2.9947184753802465 2.9933225201255618 2.991647472406902 2.989754784631734 2.987720004398955 2.985632479097134 2.9835953235229353 2.981724806158125 2.980147716762257 2.9789939507427294 2.9783799655188514 0.0 0.0 0.0 0.0 0.0 0.0 0.0 0.0 0.0 0.0 0.0 0.0 0.0 0.0 0.0 0.0 0.0 0.0 0.0 0.0 0.0 0.0 2.5785968880973855 2.5785968901763274 2.578596893116362 2.5785968951952567
2.9964629534448672 2.9960682670778818 2.9952868457619393 2.9941328264785083 2.992634302148242 2.9908344609695194 2.9887910617861806 2.9865763390892535 2.9842777943472445 2.981999949381555 2.9798669255149295 2.9780248397498608 2.9766402266791223 2.9758842494928315 0.0 0.0 0.0 0.0 0.0 0.0 0.0 0.0 0.0 0.0 0.0 0.0 0.0 0.0 0.0 0.0 0.0 0.0 0.0 0.0 0.0 0.0 2.5811689240013487 2.581168928294591 2.5811689343660285 2.5811689386590957
2.9958871582705386 2.995460389017203 2.99461513592407 2.9933682421348435 2.9917477065427986 2.989793960351196 2.987560397357775 2.98511413802721 2.9825377894746516 2.9799330575201455 2.9774274451619025 2.9751853918645526 2.9734227851258717 2.972410699637685 0.0 0.0 0.0 0.0 0.0 0.0 0.0 0.0 0.0 0.0 0.0 0.0 0.0 0.0 0.0 0.0 0.0 0.0 0.0 0.0 0.0 0.0 2.584625984053869 2.5846259930565982 2.5846260057879165 2.584626014789991
2.9951719895404785 2.9947117782815385 2.9937995241718163 2.992451931083671 2.9906952730466703 2.988566187607188 2.986112244846081 2.9833927669313387 2.980480637219944 2.9774664318992894 2.97446771276347 2.9716497231812165 2.969269840486513 2.9677584907238908 0.0 0.0 0.0 0.0 0.0 0.0 0.0 0.0 0.0 0.0 0.0 0.0 0.0 0.0 0.0 0.0 0.0 0.0 0.0 0.0 0.0 0.0 2.588990652562564 2.588990671521437 2.5889906983315956 2.588990717288017
2.994344111520063 2.9938498725527327 2.9928689630165364 2.9914167070842286 2.9895165542758817 2.987200347647757 2.9845084267833406 2.9814897234059745 2.978202220240652 2.97471464193372 2.9711118660638745 2.9675123651737727 2.9641290181702584 2.9615038063219457 0.0 0.0 0.0 0.0 0.0 0.0 0.0 0.0 0.0 0.0 0.0 0.0 0.0 0.0 0.0 0.0 0.0 0.0 0.0 0.0 0.0 0.0 2.5942897553276283 2.594289795321304 2.5942898518743895 2.594289891858884
2.9934295925995587 2.9929020651961284 2.9918537102157217 2.990297945296567 2.9882548881592346 2.98575114965022 2.9828192942846643 2.979496815380651 2.975824331711486 2.971842266305096 2.9675838863351283 2.963057722550953 2.9581929886199854 2.9526363244665887 2.9448864345849124 0.0 0.0 0.0 0.0 0.0 0.0 0.0 0.0 0.0 0.0 0.0 0.0 0.0 0.0 0.0 0.0 0.0 0.0 0.0 0.0 0.0 2.6005534535875166 2.600553538046481 2.600553657465078 2.6005537418896734
2.992452739023858 2.9918942711098486 2.990783094197751 2.9891306286464316 2.98695370141248 2.9842740012256623 2.981117043315625 2.9775103121778543 2.973479932918384 2.969044464235806 2.9642025885490484 2.958907079040336 2.953007327485978 2.9461251162215714 2.9374415084479977 2.9257894002509857 2.91637999406169 2.9085065234939997 2.9019498428220216 2.896661691943249 2.8926549698859483 2.889959956068621 2.8886044961730675 0.0 0.0 0.0 0.0 0.0 0.0 0.0 0.0 0.0 0.0 0.0 0.0 0.0 2.6078141825988954 2.6078143611225437 2.607814613501585 2.60781479189663
2.991434752152522 2.9908493409838353 2.989683402849833 2.9879465525040816 2.9856527742969683 2.982819738843107 2.9794676058287175 2.9756169941252506 2.9712855606921824 2.966482192558323 2.961197113464415 2.955385487399781 2.9489433360131447 2.9416868336063735 2.9334016134193197 2.924205307410529 2.9156866991916015 2.908188926972699 2.9018124883825274 2.8966189385347154 2.8926640245593385 2.889996694276287 2.8886533541140267 0.0 0.0 0.0 0.0 0.0 0.0 0.0 0.0 0.0 0.0 0.0 0.0 0.0 2.61610544207257 2.616105819732012 2.6161063534799305 2.616106730658376
2.9903924775098334 2.9897856290826264 2.9885760836468562 2.986771986939891 2.984385125785885 2.9814302978751646 2.9779242759403055 2.9738841768035718 2.9693249722336224 2.9642558362982308 2.9586752022226697 2.952565414216142 2.9458913812344774 2.938617269293535 2.9307745566011305 2.922625102126889 2.914822835870743 2.907750492798677 2.9016218164019927 2.8965731717894423 2.892702450907789 2.890081539746405 2.888758829864073 0.0 0.0 0.0 0.0 0.0 0.0 0.0 0.0 0.0 0.0 0.0 0.0 0.0 2.6254604386676377 2.6254612381935 2.6254623676063034 2.625463165334026
2.989337443650004 2.9887159188348247 2.987476448945629 2.9856260703587427 2.983175008913884 2.9801362293694553 2.9765247508691774 2.972356683171904 2.967647987420652 2.962413129187211 2.9566642372543375 2.9504124434081573 2.9436752456776896 2.93649704804758 2.9289912691836086 2.9213974676896397 2.9140856833553213 2.9073683794187892 2.901476314893051 2.8965785750840496 2.8928002933936376 2.8902319138621406 2.8889329096197476 0.0 0.0 0.0 0.0 0.0 0.0 0.0 0.0 0.0 0.0 0.0 0.0 0.0 2.6359105652391555 2.6359122591364996 2.6359146498345405 2.6359163370131924
2.9882753111214417 2.9876468217377483 2.9863929902166744 2.984520040182138 2.982037124863324 2.978956100415505 2.9752912308063664 2.9710588797943664 2.9662773444143578 2.960967185094216 2.9551527811623277 2.9488664506195867 2.942157219924238 2.935106480558991 2.927850022236709 2.920596019433692 2.91361144064484 2.9071562857002267 2.901453419310898 2.8966831697004123 2.8929857373028574 2.8904642194937114 2.8891865673060817 0.0 0.0 0.0 0.0 0.0 0.0 0.0 0.0 0.0 0.0 0.0 0.0 0.0 2.6474836685342806 2.6474872602821895 2.6474923216016397 2.6474958882582884
2.987205777621176 2.986578681057063 2.9853272986991635 2.9834572344542525 2.980976855153709 2.9778972648731177 2.97423232858806 2.969998845338709 2.965217070828495 2.9599119526260425 2.95411567468731 2.94787235987077 2.9412458308044727 2.9343306208832955 2.927263995909965 2.9202320407129494 2.9134589711755687 2.90717710463528 2.901602072117371 2.896919077539872 2.8932771864716327 2.8907877898155743 2.8895247161592557 0.0 0.0 0.0 0.0 0.0 0.0 0.0 0.0 0.0 0.0 0.0 0.0 0.0 2.6602019861472854 2.6602096108647917 2.660220325338391 2.6602278563990205
2.9861229255876482 2.9855059467892344 2.9842745132812634 2.982433698523303 2.979991184145681 2.9769573748004174 2.9733456189073793 2.9691726339214957 2.964459314377588 2.959232217498045 2.953526164019629 2.947388503073956 2.940885509140404 2.934110786421341 2.9271940286793035 2.920305967084046 2.9136533719934095 2.9074607459370947 2.901945594289302 2.8972996498275747 2.8936790409365707 2.89120079177755 2.889942405943714 0.0 0.0 0.0 0.0 0.0 0.0 0.0 0.0 0.0 0.0 0.0 0.0 0.0 2.6740794781937973 2.674095694429799 2.6741183686811203 2.674134235498316
2.985015959159654 2.984417950200033 2.983224182418172 2.98143920985435 2.9790700034053152 2.9761261378406876 2.9726200857234826 2.9685676828921608 2.963988882135 2.9589089903266372 2.953360693193655 2.947387302913197 2.941047774526371 2.9344239949449604 2.9276303025354204 2.9208233705700812 2.9142063889208565 2.9080159632404405 2.9024855568111296 2.8978190718834917 2.8941797272428778 2.891687946594675 2.890422586180964 0.0 0.0 0.0 0.0 0.0 0.0 0.0 0.0 0.0 0.0 0.0 0.0 0.0 2.689117931531765 2.6891525341986924 2.689200486338546 2.6892337859617075
2.983870258153699 2.983299992705817 2.9821614276064623 2.980458564500823 2.9781975797238722 2.9753870307877976 2.972038132362164 2.9681651114584913 2.963785668289752 2.958921605164038 2.953599767660196 2.947853635105292 2.941726333233792 2.93527670395608 2.9285912872023854 2.9218050569411087 2.9151263286884195 2.9088353160129583 2.9032028558138285 2.8984517155387604 2.894750707156226 2.8922197105127996 2.8909354733890256 0.0 0.0 0.0 0.0 0.0 0.0 0.0 0.0 0.0 0.0 0.0 0.0 0.0 2.7053004177081243 2.7053747001443726 2.705475993215887 2.705545418283407
2.9826686720594795 2.9821346666311976 2.9810683158062528 2.979473020186002 2.9773540730058974 2.9747188642324827 2.9715771032008877 2.9679410059348244 2.963825364063114 2.959247377730424 2.95422612379987 2.9487816510231917 2.9429342671764185 2.936706406759373 2.9301340246931233 2.923302429955146 2.916422032520478 2.909892077043418 2.904053763881459 2.8991498243649203 2.895345918341821 2.8927528676210903 2.8914396718155553 0.0 0.0 0.0 0.0 0.0 0.0 0.0 0.0 0.0 0.0 0.0 0.0 0.0 2.72257879647596 2.722740020211449 2.7229535389388144 2.7230966617113483
2.9813929796199026 2.98090333465956 2.979925372376319 2.9784618408616264 2.9765170795151312 2.974097234563428 2.9712104580654204 2.967866983335477 2.964078891066404 2.959859246954646 2.9552200795757373 2.9501683929118143 2.9446993154547734 2.938786765809444 2.9323791563125847 2.925434269893694 2.9180964537130034 2.9111228685378743 2.9049584791752516 2.8998393961588844 2.895902207450872 2.893233097083038 2.8918855051010213 0.0 0.0 0.0 0.0 0.0 0.0 0.0 0.0 0.0 0.0 0.0 0.0 0.0 2.740847230983727 2.7412040780098654 2.741652256032695 2.741941666520705
2.9800254425094708 2.979587702177798 2.978713183203731 2.9774039214241075 2.9756632356702 2.973495996253384 2.970908884204542 2.9679105162737502 2.9645112055671454 2.9607219205551396 2.9565515790138774 2.952000906017746 2.947049145422455 2.9416261457973496 2.935558357140966 2.9284991359278334 2.92009759603566 2.91237940128184 2.9057808910249605 2.9004170625524073 2.8963431126954484 2.8936007893754847 2.892221215489452 0.0 0.0 0.0 0.0 0.0 0.0 0.0 0.0 0.0 0.0 0.0 0.0 0.0 2.7598809157932958 2.760697871514591 2.7616297364384916 2.7621954916296247
2.9785503804093625 2.978171416728542 2.9774140374561884 2.976279479147786 2.974769935549925 2.9728889274251613 2.9706417229765374 2.968035717880799 2.9650806065153987 2.9617880146726487 2.9581698922277795 2.9542339907519057 2.9499718008914244 2.945323985767043 2.940067305477175 2.9333877324124122 2.9220653177621645 2.9133228902556936 2.906310792826376 2.900758194356 2.8965907596468368 2.893801619544791 2.89240226343178 0.0 0.0 0.0 0.0 0.0 0.0 0.0 0.0 0.0 0.0 0.0 0.0 0.0 2.779181249960198 2.7811570457900006 2.783050496124865 2.784090629475428
2.9769556881957993 2.9766416199249286 2.976013548340376 2.9750717752876983 2.9738171792368027 2.9722517144053744 2.9703790562339556 2.9682053754791 2.9657402209856403 2.9629975037683653 2.9599966531159883 2.956764366473968 2.95333888045282 2.949785296852763 2.946260756817711 2.943312954148292 0.0 0.0 0.0 0.0 0.0 0.0 0.0 0.0 0.0 0.0 0.0 0.0 0.0 0.0 0.0 0.0 0.0 0.0 0.0 0.0 2.7975435736545378 2.8027267244735796 2.8063452764432606 2.808043176075742
2.9752342064887203 2.9749903626179415 2.9745021626572483 2.97376878063895 2.9727894782670656 2.9715642210028426 2.9700945345143692 2.968384655543296 2.966443091158201 2.9642848341367194 2.9619347987173015 2.9594338254100996 2.956850588882594 2.954307623496694 2.9520399049904538 2.9505121142098893 0.0 0.0 0.0 0.0 0.0 0.0 0.0 0.0 0.0 0.0 0.0 0.0 0.0 0.0 0.0 0.0 0.0 0.0 0.0 0.0 2.8117110020601266 2.8268223496017777 2.8325075196976957 2.8346349330023113
2.9733848498943627 2.9732157812169455 2.9728764425426726 2.972364641892629 2.9716776286595326 2.970812772729198 2.9697685412681194 2.968545867243436 2.9671500816466123 2.965593723596748 2.9639008042544903 2.962113568877383 2.9603035356984018 2.9585892147617097 2.9571608176018507 2.9562966278849028 0.0 0.0 0.0 0.0 0.0 0.0 0.0 0.0 0.0 0.0 0.0 0.0 0.0 0.0 0.0 0.0 0.0 0.0 0.0 0.0 0.0 2.861212681535179 2.8630766151424645 2.864197782266059
2.971413399285877 2.9713229308937743 2.971139990388301 2.970860772071863 2.9704800846780173 2.9699920126888646 2.9693908794888215 2.9686726112257804 2.9678366643223644 2.9668887713950673 2.965844874249832 2.9647366965494912 2.9636192570876254 2.962579598955227 2.9617424982080234 2.961260166554955 0.0 0.0 0.0 0.0 0.0 0.0 0.0 0.0 0.0 0.0 0.0 0.0 0.0 0.0 0.0 0.0 0.0 0.0 0.0 0.0 0.0 2.8944652377543956 2.8951125588480493 2.895604888088832
2.969332879878948 2.9693241863631967 2.9693039020494534 2.9692664017224715 2.969203681877665 2.9691059163937337 2.968962266306599 2.968762024551405 2.968496219766984 2.968159848246522 2.967754918914678 2.9672944004751622 2.9668067668885634 2.966339801277404 2.9659602184751264 2.9657427932088827 0.0 0.0 0.0 0.0 0.0 0.0 0.0 0.0 0.0 0.0 0.0 0.0 0.0 0.0 0.0 0.0 0.0 0.0 0.0 0.0 0.0 2.927652718335857 2.9278860762290124 2.9280871077168658
2.9671634762059975 2.9672391535056275 2.9673866740028925 2.9675984851864863 2.9678635529211634 2.9681677334057492 2.968494309350335 2.9688247426327 2.969139725998996 2.9694206447540856 2.9696515595958997 2.9698217353122365 2.969928462131119 2.969979315359837 2.9699920646967692 2.9699897388572145 0.0 0.0 0.0 0.0 0.0 0.0 0.0 0.0 0.0 0.0 0.0 0.0 0.0 0.0 0.0 0.0 0.0 0.0 0.0 0.0 0.0 2.961029992470311 2.961115395257519 2.96119406179043
2.9649319749470084 2.9650940802492665 2.9654135475397485 2.9658809371603825 2.966482203992163 2.967198829004932 2.9680079938912356 2.9688828157705043 2.9697926849913387 2.9707037869649877 2.971579933044086 2.972383856792413 2.9730791092472355 2.9736325450610295 2.974017078911124 2.9742139921975745 0.0 0.0 0.0 0.0 0.0 0.0 0.0 0.0 0.0 0.0 0.0 0.0 0.0 0.0 0.0 0.0 0.0 0.0 0.0 0.0 0.0 2.994568891015724 2.994598613500174 2.9946269484647954
2.9626707711574687 2.962920805290033 2.963415335330574 2.964143257445503 2.965087833548459 2.966226555858548 2.967530912586501 2.9689660259162585 2.970490154528076 2.972054105815279 2.9736007103204107 2.9750647035005877 2.976373662043533 2.9774510186953203 2.978222410850664 2.9786261118398025 0.0 0.0 0.0 0.0 0.0 0.0 0.0 0.0 0.0 0.0 0.0 0.0 0.0 0.0 0.0 0.0 0.0 0.0 0.0 0.0 0.0 3.0281338061909047 3.028139023558481 3.0281440300338796
2.9604165164351115 2.960755331050525 2.9614268333459477 2.9624186740939935 2.9637120648335236 2.965281387590565 2.9670935563792216 2.9691070393281493 2.9712704518737274 2.973520675926203 2.9757805991500366 2.9779568981157123 2.979938952538279 2.9816010961097295 2.9828117790774202 2.98345354042541 0.0 0.0 0.0 0.0 0.0 0.0 0.0 0.0 0.0 0.0 0.0 0.0 0.0 0.0 0.0 0.0 0.0 0.0 0.0 0.0 0.0 3.0615455243780945 3.06153178298124 3.0615183698246566
2.958208523240464 2.9586361467604476 2.9594849681722715 2.9607419929114234 2.9623873324472294 2.9643936187476774 2.966725035610555 2.9693357972502037 2.972167860761597 2.9751476416042504 2.9781815746380715 2.9811506844956916 2.983905232057699 2.98626256777233 2.9880151293740083 2.9889600940131253 0.0 0.0 0.0 0.0 0.0 0.0 0.0 0.0 0.0 0.0 0.0 0.0 0.0 0.0 0.0 0.0 0.0 0.0 0.0 0.0 0.0 3.094609369230856 3.0945629461731823 3.09451836316349
2.9560870630672205 2.956602453813789 2.957626861923437 2.959147382805835 2.961144217472763 2.963590003628206 2.9664486762564395 2.969673608643062 2.9732046713462155 2.9769637002686173 2.980847712221634 2.9847191820436905 2.9883932566704887 2.991624209146028 2.9941006526803773 2.9954752752058753 0.0 0.0 0.0 0.0 0.0 0.0 0.0 0.0 0.0 0.0 0.0 0.0 0.0 0.0 0.0 0.0 0.0 0.0 0.0 0.0 0.0 3.127136375033332 3.1270099750154685 3.1268923965791577
2.9540917035448455 2.9546924544009765 2.955888009589332 2.957666347321477 2.9600090629771207 2.9628907748413655 2.966278059079868 2.9701276173426625 2.974383199662237 2.9789705005868594 2.983788728821927 2.988696720332461 2.993490404700169 2.9978683077488215 3.0013881605975623 3.0034503585275747 0.0 0.0 0.0 0.0 0.0 0.0 0.0 0.0 0.0 0.0 0.0 0.0 0.0 0.0 0.0 0.0 0.0 0.0 0.0 0.0 0.0 3.1589780607332663 3.15863901512976 3.1583420235975326
2.9522598183219007 2.9529418524259157 2.95430075132963 2.956326123597276 2.959002206607704 2.962307527109308 2.966214207884516 2.970686647765475 2.9756791082763865 2.981131362656105 2.986960776162828 2.993047466846418 2.999205362495268 3.005123740327724 3.0102496540234296 3.0135832394820334 0.0 0.0 0.0 0.0 0.0 0.0 0.0 0.0 0.0 0.0 0.0 0.0 0.0 0.0 0.0 0.0 0.0 0.0 0.0 0.0 0.0 3.1901123865228396 3.189186059529959 3.1884603024599176
2.950625373558091 2.9513826815974253 2.9528931805043097 2.955148699415903 2.9581371130606438 2.9618424179899754 2.9662446864695955 2.9713197370065467 2.9770382497498127 2.9833638260189472 2.9902489539324635 2.9976264161499637 3.005389380454869 3.0133387393855458 3.0210200183091884 3.0271349155018643 0.0 0.0 0.0 0.0 0.0 0.0 0.0 0.0 0.0 0.0 0.0 0.0 0.0 0.0 0.0 0.0 0.0 0.0 0.0 0.0 0.0 3.2208859657302034 3.2182612524292886 3.2165938730750514
2.9492180494719547 2.9500425222102735 2.951688557877058 2.9541505410926794 2.957420552629497 2.9614889573791014 2.9663451682826856 2.9719785882998337 2.9783797705041417 2.985541938953216 2.993463296422372 3.0021513903327692 3.0116335929616618 3.021987983990673 3.0334506357361906 3.0468407453283226 3.0654249835231977 0.0 0.0 0.0 0.0 0.0 0.0 0.0 0.0 0.0 0.0 0.0 0.0 0.0 0.0 0.0 0.0 0.0 0.0 0.0 3.270409598152287 3.252751089207218 3.2448831370433378 3.241588442155947
2.9480627022825123 2.9489441042113964 2.9507052138977308 2.9533429908980398 2.956853757817607 2.961234304812737 2.966483459472082 2.9726042624390616 2.97960703140933 2.9875139028904263 2.9963661465362303 3.0062372620676485 3.017259203598622 3.0296801742161907 3.0439998658047203 3.061285386461262 3.0838106577913114 3.1155084480899 3.143371611827452 3.1690861488734154 3.1931521947476003 3.215649263798041 3.236499306877247 3.255568114918347 3.272708289284583 3.2877787170618333 3.300653689934804 3.311226995613176 3.31941312891827 3.325146181860205 3.3283757496055677 3.3290574744499497 3.3271323204835572 3.3224800601954696 3.3148089356761625 3.3033718045879987 3.2861564345434577 3.2730440782601202 3.2652334941439562 3.2616299094117833
2.9471791218282672 2.9481052335527966 2.949956835466935 2.9527331577955787 2.956434257703883 2.9610625613666386 2.966625091941596 2.973136589176568 2.9806238734145376 2.9891320698426376 2.9987338026471524 3.00954341203324 3.0217399497975386 3.0356050648736392 3.0515814112453112 3.070334231738523 3.092673098476453 3.118720389899986 3.1446532705393238 3.169634404490043 3.1933976049805217 3.215762247872831 3.2365522850274577 3.255593400205615 3.272720845549028 3.287785841612494 3.3006594845345707 3.3112347964274447 3.319427460714352 3.32517544390859 3.32843734715702 3.3291889453977035 3.3274171326212882 3.323111783590145 3.3162660217184303 3.3069476055989995 3.295752610814401 3.2861076891602603 3.279531606852962 3.2762636477351115
2.9465820039501494 2.947538936301607 2.9494529762083355 2.9523250385094815 2.9561579437325154 2.9609582664859024 2.9667390026568827 2.973523264144434 2.9813492982679426 2.9902772200491605 3.0003978888182545 3.011844199182783 3.0248042228674628 3.0395327788123865 3.056349458166079 3.0755884817486083 3.097418000147161 3.121405949479821 3.1460123847920505 3.1702967038134866 3.1937159879627965 3.2159146532998752 3.236625288148741 3.2556286552521625 3.2727384691069523 3.287795879433277 3.3006676605659124 3.311245790800241 3.319447595884152 3.3252163252905795 3.328522549631158 3.329367539241253 3.327791452490371 3.3238932056865105 3.3178787868683517 3.3101765287959113 3.301684697698983 3.294085587320276 3.2885755081920607 3.285720065057452
2.946281041211131 2.947253699588222 2.949199615311629 2.9521205982744485 2.9560209338802106 2.960909386261904 2.9668020783776656 2.9737264418641867 2.98172646537969 2.990869427583791 3.00125403554019 3.013019081437229 3.0263497327377142 3.041474251688869 3.058635941380889 3.078014182665175 3.0995664853764797 3.1228162559156187 3.1468107463389194 3.1707153369303387 3.193926634273945 3.216018312885885 3.23667576455491 3.2556532688422277 3.272750844125816 3.287802952051452 3.3006734291794246 3.311253539853684 3.319461746949352 3.3252449169889644 3.328581648848366 3.3294896943336796 3.3280415236578746 3.3243953749020356 3.318852811752016 3.3119516116092513 3.304570685923645 3.2979029612198736 3.2929544934878 3.2903431743901863
0.0 0.0 0.0 0.0 0.0 0.0 0.0 0.0 0.0 0.0 0.0 0.0 0.0 0.0 0.0 0.0 0.0 0.0 0.0 0.0 0.0 0.0 0.0 0.0 0.0 0.0 0.0 0.0 0.0 0.0 0.0 0.0 0.0 0.0 0.0 0.0 0.0 0.0 0.0 0.0
0.0 0.0 0.0 0.0 0.0 0.0 0.0 0.0 0.0 0.0 0.0 0.0 0.0 0.0 0.0 0.0 0.0 0.0 0.0 0.0 0.0 0.0 0.0 0.0 0.0 0.0 0.0 0.0 0.0 0.0 0.0 0.0 0.0 0.0 0.0 0.0 0.0 0.0 0.0 0.0
0.0 0.0 0.0 0.0 0.0 0.0 0.0 0.0 0.0 0.0 0.0 0.0 0.0 0.0 0.0 0.0 0.0 0.0 0.0 0.0 0.0 0.0 0.0 0.0 0.0 0.0 0.0 0.0 0.0 0.0 0.0 0.0 0.0 0.0 0.0 0.0 0.0 0.0 0.0 0.0
0.0 0.0 0.0 0.0 0.0 0.0 0.0 0.0 0.0 0.0 0.0 0.0 0.0 0.0 0.0 0.0 0.0 0.0 0.0 0.0 0.0 0.0 0.0 0.0 0.0 0.0 0.0 0.0 0.0 0.0 0.0 0.0 0.0 0.0 0.0 0.0 0.0 0.0 0.0 0.0
0.0 0.0 0.0 0.0 0.0 0.0 0.0 0.0 0.0 0.0 0.0 0.0 0.0 0.0 0.0 0.0 0.0 0.0 0.0 0.0 0.0 0.0 0.0 0.0 0.0 0.0 0.0 0.0 0.0 0.0 0.0 0.0 0.0 0.0 0.0 0.0 0.0 0.0 0.0 0.0
0.0 0.0 0.0 0.0 0.0 0.0 0.0 0.0 0.0 0.0 0.0 0.0 0.0 0.0 0.0 0.0 0.0 0.0 0.0 0.0 0.0 0.0 0.0 0.0 0.0 0.0 0.0 0.0 0.0 0.0 0.0 0.0 0.0 0.0 0.0 0.0 0.0 0.0 0.0 0.0
0.0 0.0 0.0 0.0 0.0 0.0 0.0 0.0 0.0 0.0 0.0 0.0 0.0 0.0 0.0 0.0 0.0 0.0 0.0 0.0 0.0 0.0 0.0 0.0 0.0 0.0 0.0 0.0 0.0 0.0 0.0 0.0 0.0 0.0 0.0 0.0 0.0 0.0 0.0 0.0
0.0 0.0 0.0 0.0 0.0 0.0 0.0 0.0 0.0 0.0 0.0 0.0 0.0 0.0 0.0 0.0 0.0 0.0 0.0 0.0 0.0 0.0 0.0 0.0 0.0 0.0 0.0 0.0 0.0 0.0 0.0 0.0 0.0 0.0 0.0 0.0 0.0 0.0 0.0 0.0
0.0 0.0 0.0 0.0 0.0 0.0 0.0 0.0 0.0 0.0 0.0 0.0 0.0 0.0 0.0 0.0 0.0 0.0 0.0 0.0 0.0 0.0 0.0 0.0 0.0 0.0 0.0 0.0 0.0 0.0 0.0 0.0 0.0 0.0 0.0 0.0 0.0 0.0 0.0 0.0
0.0 0.0 0.0 0.0 0.0 0.0 0.0 0.0 0.0 0.0 0.0 0.0 0.0 0.0 0.0 0.0 0.0 0.0 0.0 0.0 0.0 0.0 0.0 0.0 0.0 0.0 0.0 0.0 0.0 0.0 0.0 0.0 0.0 0.0 0.0 0.0 0.0 0.0 0.0 0.0
