0.9329163709864325
0.0 1.9800480044530782 1.9813935813399197 1.983723620228648 1.9867864390190606 1.9903442095656978 1.9941566143398566 1.9979878160238675 2.0016200315117354 2.0048672669881076 2.007585633664233 2.0096776659337854 2.0110889628044974 2.011797246763452 0.0 0.0 0.0 0.0 0.0 0.0 0.0 0.0 0.0 0.0 0.0 0.0 0.0 0.0 0.0 0.0 0.0 0.0 0.0 0.0 0.0 0.0 1.766586243517806 1.7665862437133433 1.7665862439898743 1.7665862441854105
1.9791262698217467 1.9799854661445795 1.9815716302849338 1.9839458959174447 1.9869738673876025 1.9904540095163084 1.9941592410570905 1.9978603014809293 2.001344795619996 2.0044334637447 2.006992235504908 2.0089377526948398 2.0102338854867376 2.010877772145842 0.0 0.0 0.0 0.0 0.0 0.0 0.0 0.0 0.0 0.0 0.0 0.0 0.0 0.0 0.0 0.0 0.0 0.0 0.0 0.0 0.0 0.0 1.7670796207067447 1.7670796210156252 1.7670796214524456 1.7670796217613223
1.9796656213625752 1.9805079151604539 1.9821283119608188 1.9844673628639409 1.987389495722198 1.9907042924919913 1.9941935102561654 1.9976350097258502 2.000824258167092 2.0035933467152227 2.0058261608846157 2.0074670482113643 2.0085186437347207 2.0090230055355187 0.0 0.0 0.0 0.0 0.0 0.0 0.0 0.0 0.0 0.0 0.0 0.0 0.0 0.0 0.0 0.0 0.0 0.0 0.0 0.0 0.0 0.0 1.7680441381069285 1.7680441387113643 1.7680441395661555 1.7680441401705773
1.9807487315397279 1.9815587718801664 1.9831235268528757 1.985348543861 1.9880865443887437 1.9911467472794924 1.994314015322659 1.997370825608239 2.0001196923997884 2.002404927446557 2.0041325091456876 2.0052855604962865 2.0059292209220403 2.0061906127399443 0.0 0.0 0.0 0.0 0.0 0.0 0.0 0.0 0.0 0.0 0.0 0.0 0.0 0.0 0.0 0.0 0.0 0.0 0.0 0.0 0.0 0.0 1.7694375379960525 1.7694375392573394 1.769437541041031 1.769437542302265
1.9823773586751547 1.983134014188411 1.9845904360327178 1.9866388405128204 1.9891228844756188 1.9918478666449335 1.9945976544928217 1.9971554796105244 1.999326822666393 2.0009636969845586 2.0019904689793613 2.0024314086948527 2.002436468127192 2.0022840181880315 0.0 0.0 0.0 0.0 0.0 0.0 0.0 0.0 0.0 0.0 0.0 0.0 0.0 0.0 0.0 0.0 0.0 0.0 0.0 0.0 0.0 0.0 1.7712017374253586 1.771201740100873 1.7712017438844834 1.7712017465598024
1.9845564088472096 1.9852430799813232 1.986556924717404 1.9883833343890807 1.9905593233414989 1.9928851189735113 1.995140557784574 1.9971050416043903 1.9985800528696225 1.9994143269108526 1.9995339865242794 1.9989842410994825 1.9979959908027696 1.9970873959525481 0.0 0.0 0.0 0.0 0.0 0.0 0.0 0.0 0.0 0.0 0.0 0.0 0.0 0.0 0.0 0.0 0.0 0.0 0.0 0.0 0.0 0.0 1.773268555902082 1.7732685615963075 1.7732685696486432 1.773268575342142
1.9872906227218265 1.9878968174961638 1.98904753458204 1.9906237478015838 1.9924571785344678 1.994342506118215 1.996053329485784 1.9973609205709597 1.998054821188866 1.9979651313130522 1.9969888064817654 1.9951302156171251 1.9925954646320585 1.9901010448273737 0.0 0.0 0.0 0.0 0.0 0.0 0.0 0.0 0.0 0.0 0.0 0.0 0.0 0.0 0.0 0.0 0.0 0.0 0.0 0.0 0.0 0.0 1.775566368488148 1.775566380599373 1.7755663977253184 1.7755664098338462
1.990579642726631 1.9911009785914449 1.9920803045065512 1.9933953402169566 1.9948733875102471 1.9963036233388785 1.9974524460869136 1.9980806826229947 1.9979610906412582 1.9968941566153553 1.994718988291382 1.9913113988519917 1.9865412535106257 1.980070723978609 1.9704447187004168 0.0 0.0 0.0 0.0 0.0 0.0 0.0 0.0 0.0 0.0 0.0 0.0 0.0 0.0 0.0 0.0 0.0 0.0 0.0 0.0 0.0 1.7780269865429277 1.778027012249987 1.778027048598152 1.778027074295205
1.9944125562906785 1.9948504333950878 1.995661585024936 1.996721266300151 1.997853199618489 1.9988417589556478 1.9994467765587673 1.999419556300265 1.9985181077724632 1.9965186677693638 1.9932184373947948 1.9884190181247612 1.981866332973524 1.9730933016606498 1.9610859486496093 1.9439859910577335 1.928923051273922 1.915434839928251 1.9036057784439588 1.8936867170825835 1.8859551590693169 1.8806533944149544 1.8779567790681035 0.0 0.0 0.0 0.0 0.0 0.0 0.0 0.0 0.0 0.0 0.0 0.0 0.0 1.7805920561339545 1.780592110557997 1.7805921874988144 1.78059224188575
1.998762062541272 1.9991231432839776 1.999779803761517 2.000605519514035 2.0014213675183985 2.0020081434038084 2.0021209549764847 2.001504873895834 1.9999097626036992 1.9971017721575144 1.9928680738209454 1.9870102162614538 1.9793219441587526 1.9695595641486683 1.9574783567467384 1.9432547595632237 1.9292087750709939 1.9161278694340833 1.904477238192969 1.894639409668138 1.8869442625463955 1.881657693585946 1.8789663327125046 0.0 0.0 0.0 0.0 0.0 0.0 0.0 0.0 0.0 0.0 0.0 0.0 0.0 1.7832183318134505 1.7832184467235885 1.7832186091329152 1.7832187239054547
2.0035784973895994 2.0038739922825415 2.004398895077609 2.0050255198632687 2.0055732319034862 2.0058206150403386 2.005520199720503 2.0044145034661347 2.0022518923668606 1.998800637607717 1.9938597154936086 1.9872660619288482 1.978902159376587 1.9687198650100224 1.9568232028525265 1.9436793800176768 1.9303770675142267 1.9177148677950475 1.9062831823658843 1.8965527933925848 1.8889057971394956 1.883637983667452 1.8809523558118386 0.0 0.0 0.0 0.0 0.0 0.0 0.0 0.0 0.0 0.0 0.0 0.0 0.0 1.7858813225016863 1.785881564519434 1.785881906418864 1.7858821479262121
2.008784164296255 2.0090289573839875 2.0094521268414205 2.0099253340690875 2.0102670054736453 2.010254621906965 2.0096397685186704 2.0081649143754934 2.0055808183186308 2.001663595529461 1.9962310237324203 1.989159013525089 1.9804019516748808 1.9700251461661187 1.9582605309803744 1.9455807057449193 1.9327062097640597 1.9203325743913704 1.9090642068261194 1.8994117678153777 1.8917934952376319 1.8865313283539598 1.8838446281700414 0.0 0.0 0.0 0.0 0.0 0.0 0.0 0.0 0.0 0.0 0.0 0.0 0.0 1.788576998958458 1.7885775076700885 1.7885782257341998 1.7885787325513725
2.014268574276036 2.014480253284996 2.014837054553568 2.0152103488521966 2.0154181308926513 2.0152374053335818 2.0144195360626833 2.0127077089938576 2.009855662029913 2.0056470299827294 1.99991511729665 1.992563706837231 1.983590502998386 1.973115108989686 1.9614102076438835 1.9489221002303065 1.9362430629965717 1.924001991930638 1.9127955214368972 1.9031531778954258 1.895517761628097 1.8902322035816803 1.8875302302076928 0.0 0.0 0.0 0.0 0.0 0.0 0.0 0.0 0.0 0.0 0.0 0.0 0.0 1.791321472746245 1.7913225407539328 1.791324046046907 1.7913251070162626
2.019885272360632 2.0200831321821 2.020412284047859 2.020744030942952 2.0208961805526515 2.0206454109139096 2.0197427312416543 2.017931305709104 2.014965922291146 2.010633541530231 2.0047746510240705 1.9973054889850366 1.9882412649964953 1.9777195326526156 1.9660195570976844 1.9535670384434904 1.9409078422192645 1.928645505692812 1.9173788732916697 1.9076549209828515 1.8999373250093852 1.8945868062822215 1.8918493058592925 0.0 0.0 0.0 0.0 0.0 0.0 0.0 0.0 0.0 0.0 0.0 0.0 0.0 1.7941487707678163 1.7941510128722271 1.7941541645415038 1.7941563804659548
2.0254509214691274 2.025654992225123 2.0259966486004872 2.026347265624581 2.0265245486102224 2.026304706973016 2.025437751465918 2.023665240796628 2.0207397993559923 2.016445828617095 2.0106210259426343 2.0031785142120584 1.9941293213552178 1.9836041177601513 1.9718707844499503 1.9593402242046425 1.9465489417936759 1.93411058086687 1.9226479227205138 1.912734623571639 1.904856844166358 1.8993913762488532 1.8965940751491401 0.0 0.0 0.0 0.0 0.0 0.0 0.0 0.0 0.0 0.0 0.0 0.0 0.0 1.79710699404326 1.7971117085711337 1.7971183036581153 1.7971229206756791
2.0307472309388124 2.0309773582322204 2.031371306454083 2.031800665501281 2.032083121760947 2.0319942604624046 2.031282414977893 2.029685897947144 2.0269519110368712 2.022856488131566 2.0172250023521103 2.0099530641762526 2.0010279935978983 1.9905511958869095 1.9787608971448443 1.9660509034474474 1.9529716335495175 1.9401872285433006 1.9283759188901741 1.918152815134874 1.9100291785207357 1.9043949712996928 1.9015121531863692 0.0 0.0 0.0 0.0 0.0 0.0 0.0 0.0 0.0 0.0 0.0 0.0 0.0 1.8002532046812825 1.8002631584158568 1.8002769606130726 1.8002865506509167
2.0355261540790677 2.035801140920556 2.0362851235956687 2.0368501397229553 2.03731410000145 2.0374520752042278 2.0370104721933653 2.0357234028354365 2.0333304555178486 2.029595069627401 2.0243228633222254 2.0173797281012553 2.008710562246355 1.9983615108624282 1.9865112037587043 1.9735159774776787 1.9599567500743478 1.9466177189459866 1.9342805951728845 1.923617287797261 1.9151611681804777 1.9093068494419876 1.9063148731629145 0.0 0.0 0.0 0.0 0.0 0.0 0.0 0.0 0.0 0.0 0.0 0.0 0.0 1.803647233592599 1.8036684134150018 1.8036973149031028 1.803717136363079
2.039518535745423 2.0398553495193203 2.040463503964613 2.0412158666319704 2.041931087525895 2.0423842964492573 2.0423204950289846 2.041469893836601 2.039564262507242 2.036353209131063 2.0316192670176467 2.025190994482527 2.016954684732106 2.006869420503664 1.9950001442951382 1.9816001619421537 1.9672733977257713 1.9530942901531394 1.9400220702132813 1.9287867382272454 1.9199227099889278 1.9138090078052927 1.9106913981891798 0.0 0.0 0.0 0.0 0.0 0.0 0.0 0.0 0.0 0.0 0.0 0.0 0.0 1.8073440446497224 1.807389732106157 1.8074502764937068 1.8074908844915087
2.0424460734704803 2.042859128178623 2.043620554735995 2.0446045927215417 2.045631442551943 2.0464773835771215 2.0468874179592107 2.0465896529256753 2.0453103468085216 2.0427881728986996 2.038785770762461 2.03309611791626 2.025541221491047 2.015963716430068 2.004227994251347 1.9903060380431858 1.9746726015059812 1.9592296587882003 1.945188220962135 1.9332738062171593 1.9239607154123972 1.9175752618258 1.9143296338859184 0.0 0.0 0.0 0.0 0.0 0.0 0.0 0.0 0.0 0.0 0.0 0.0 0.0 1.8113828281048419 1.8114836752101957 1.8116103573803424 1.811692191613195
2.0440360844657968 2.044536624687046 2.0454741341540683 2.0467248813235677 2.0481116456280137 2.049413337738624 2.050377062797829 2.050731873249598 2.050203110693129 2.0485256896196025 2.045453694987901 2.0407616981660444 2.0342290582803053 2.0255904889070195 2.01442817723358 2.0000310414495734 1.9817881593845024 1.9644629129292666 1.9492647940275338 1.9366537350511945 1.9269228894017287 1.9202991507660956 1.916944727835077 0.0 0.0 0.0 0.0 0.0 0.0 0.0 0.0 0.0 0.0 0.0 0.0 0.0 1.8157671419711439 1.8159982504297791 1.816261662580063 1.8164215538907043
2.04403818362874 2.044633814674724 2.0457629494538723 2.0473045680723145 2.0490851122070204 2.0508877142146553 2.052463898982437 2.053547150753151 2.053867448460029 2.053165413208216 2.051203821064363 2.047772066515161 2.0426726821045658 2.0356562820269004 2.0261810822506736 2.012480167414359 1.9875861784401918 1.967844166099693 1.9516161147835156 1.9385009908873745 1.9285008118373737 1.9217326304154208 1.9183141974133127 0.0 0.0 0.0 0.0 0.0 0.0 0.0 0.0 0.0 0.0 0.0 0.0 0.0 1.820419212584095 1.8209806305533107 1.8215174128737315 1.8218119651416385
2.0422416291402645 2.04293604826961 2.0442644999074324 2.046109281750069 2.0483014437555593 2.0506296950974874 2.0528518907944213 2.054708719586061 2.0559390903092503 2.0562966271279715 2.0555667683909564 2.053584697401299 2.0502576607953897 2.045609796263022 2.039934022496592 2.034452354258505 0.0 0.0 0.0 0.0 0.0 0.0 0.0 0.0 0.0 0.0 0.0 0.0 0.0 0.0 0.0 0.0 0.0 0.0 0.0 0.0 1.8250548517517562 1.826537596830727 1.8275685155492816 1.828051176433271
2.0384918473269757 2.039284825362952 2.04081236286813 2.042960524925772 2.04556563208277 2.0484228298734606 2.051297337506477 2.0539382164959723 2.05609450819557 2.057533753418728 2.058063487151752 2.0575579379264224 2.0559964422107644 2.0535305941730693 2.0506188110858736 2.048281166075556 0.0 0.0 0.0 0.0 0.0 0.0 0.0 0.0 0.0 0.0 0.0 0.0 0.0 0.0 0.0 0.0 0.0 0.0 0.0 0.0 1.828792783334818 1.8331473226610142 1.8347762632279538 1.835383722474183
2.0327045696823145 2.0335922081993973 2.03531117913817 2.037751580534644 2.040755336549622 2.044124327957784 2.0476312163338917 2.0510329418084203 2.0540869117882545 2.0565700547535144 2.0583013258840275 2.0591691178495237 2.059166448558073 2.0584378178286604 2.057336251891054 2.0564532245094354 0.0 0.0 0.0 0.0 0.0 0.0 0.0 0.0 0.0 0.0 0.0 0.0 0.0 0.0 0.0 0.0 0.0 0.0 0.0 0.0 0.0 1.843146864049645 1.8436805182475153 1.8440010764243184
2.024876144303434 2.025851395966547 2.0277477780827127 2.0304595310661506 2.033834247845328 2.037680413934447 2.0417775393546886 2.0458889153319006 2.0497770209854123 2.0532216189955035 2.0560406158430564 2.0581137203293483 2.0594083617280674 2.0600048029833693 2.0601093716626666 2.0600254766110164 0.0 0.0 0.0 0.0 0.0 0.0 0.0 0.0 0.0 0.0 0.0 0.0 0.0 0.0 0.0 0.0 0.0 0.0 0.0 0.0 0.0 1.853372204392272 1.8535577297354457 1.8536987444581998
2.015088925458854 2.0161423254462636 2.018197218254906 2.021152007449609 2.024859882234017 2.029135613909304 2.03376473906475 2.0385151632796124 2.0431511498771733 2.0474495360838643 2.051217790749387 2.054313040415096 2.0566600822042997 2.0582639970125856 2.0592085242739544 2.0596258606786244 0.0 0.0 0.0 0.0 0.0 0.0 0.0 0.0 0.0 0.0 0.0 0.0 0.0 0.0 0.0 0.0 0.0 0.0 0.0 0.0 0.0 1.8642725618818028 1.864339345545431 1.8643968218011213
2.003511155877953 2.0046316821500656 2.0068230629454002 2.0099878774011177 2.013984846838238 2.018634769223422 2.023728566606155 2.029037464481766 2.034325212168612 2.0393620637102856 2.043939924519307 2.047887537335717 2.0510836816774516 2.0534649652766035 2.055023154008142 2.0557867260811435 0.0 0.0 0.0 0.0 0.0 0.0 0.0 0.0 0.0 0.0 0.0 0.0 0.0 0.0 0.0 0.0 0.0 0.0 0.0 0.0 0.0 1.8760829008204722 1.8761066628986285 1.8761284801922415
1.9903913539772384 1.9915673202119226 1.9938718613843212 1.9972118054057428 2.001451469231455 2.0064176656208543 2.0119065154423805 2.017692073686477 2.0235366554797003 2.0292025562629235 2.0344645850016154 2.039122450595258 2.043011545680287 2.0460101175309133 2.0480405050240806 2.0490628614877817 0.0 0.0 0.0 0.0 0.0 0.0 0.0 0.0 0.0 0.0 0.0 0.0 0.0 0.0 0.0 0.0 0.0 0.0 0.0 0.0 0.0 1.8889750988235579 1.8889814177255153 1.8889873467344958
1.9760478001701451 1.9772676881576534 1.9796624420294535 1.983143315396265 1.9875804825717578 1.9928071080183205 1.998624905980127 2.0048111934410335 2.011127323561154 2.017328226335972 2.0231726003308896 2.028433130612335 2.032906006669038 2.0364190486723204 2.0388379850291716 2.0400708482559695 0.0 0.0 0.0 0.0 0.0 0.0 0.0 0.0 0.0 0.0 0.0 0.0 0.0 0.0 0.0 0.0 0.0 0.0 0.0 0.0 0.0 1.903099346670138 1.9030949068934953 1.9030904697851254
1.9608541862659088 1.9621073409052707 1.9645711349311787 1.9681615391567802 1.9727550616291774 1.978191923214142 1.984280417552711 1.9908024508596158 1.9975201475817732 2.0041832787836196 2.0105371742306 2.0163308031591534 2.021324966472241 2.0253011223494233 2.028072154874742 2.0294966929042424 0.0 0.0 0.0 0.0 0.0 0.0 0.0 0.0 0.0 0.0 0.0 0.0 0.0 0.0 0.0 0.0 0.0 0.0 0.0 0.0 0.0 1.9185907352601332 1.9185711120091977 1.9185518936552994
1.9452227817727545 1.9464999164432382 1.9490143538968574 1.9526871671741772 1.9574018549339025 1.9630067160570865 1.9693181278044014 1.9761247041887497 1.9831921932498904 1.9902688427417163 1.9970908977053028 2.0033880258428582 2.008889013043207 2.013329301480729 2.0164639504913837 2.018091449997488 0.0 0.0 0.0 0.0 0.0 0.0 0.0 0.0 0.0 0.0 0.0 0.0 0.0 0.0 0.0 0.0 0.0 0.0 0.0 0.0 0.0 1.9355660980825158 1.9355113552438807 1.9354586320720224
1.929586553647609 1.930880041887637 1.9334300613116933 1.9371632159694367 1.9419707535370825 1.9477102781319688 1.9542081305811003 1.9612623831988187 1.9686462471788986 1.9761115102083657 1.9833914803976045 1.9902029640629804 1.9962473743126679 2.0012128157443674 2.0047830747724444 2.006666855427661 0.0 0.0 0.0 0.0 0.0 0.0 0.0 0.0 0.0 0.0 0.0 0.0 0.0 0.0 0.0 0.0 0.0 0.0 0.0 0.0 0.0 1.9541243023278883 1.9539780686363362 1.9538415086090373
1.9143815662260406 1.9156855235979313 1.9182595274129022 1.9220361117193994 1.9269150153415788 1.9327644124657781 1.9394226450403682 1.9467003781286776 1.9543829053442816 1.9622320552810466 1.9699868128386337 1.9773614428368647 1.9840398299499264 1.9896657824877102 1.9938340504645993 1.9961041010135903 0.0 0.0 0.0 0.0 0.0 0.0 0.0 0.0 0.0 0.0 0.0 0.0 0.0 0.0 0.0 0.0 0.0 0.0 0.0 0.0 0.0 1.9743669777947703 1.9739748467307492 1.9736289384784798
1.9000307324382575 1.9013409172643625 1.9039305308714956 1.9077383165123365 1.9126730821068663 1.918614654304637 1.925415264896313 1.9329012945645485 1.9408750736343108 1.9491160769939868 1.9573802882178108 1.9653955981870543 1.9728495304674756 1.979362930600125 1.9844405576714828 1.9874004243988777 0.0 0.0 0.0 0.0 0.0 0.0 0.0 0.0 0.0 0.0 0.0 0.0 0.0 0.0 0.0 0.0 0.0 0.0 0.0 0.0 0.0 1.9964800808524663 1.995408979467683 1.9945585949234181
1.8869296498010866 1.8882432305322425 1.8908427931181526 1.89467335432737 1.89965304315741 1.9056739843693142 1.9126036533203354 1.9202866839421853 1.9285469038716414 1.9371890209765297 1.945998798507369 1.9547394333231336 1.9631392136634023 1.9708580327671046 1.9773958419576814 1.9818174307370946 0.0 0.0 0.0 0.0 0.0 0.0 0.0 0.0 0.0 0.0 0.0 0.0 0.0 0.0 0.0 0.0 0.0 0.0 0.0 0.0 0.0 2.02099363364356 2.0179693154659013 2.015998443634523
1.8754349004027708 1.8767501482693854 1.8793560599575185 1.8832036907617746 1.888220267763714 1.8943101751956066 1.9013565436388435 1.9092235337982724 1.9177592724347794 1.9267991980932344 1.9361693243461855 1.9456886486245348 1.9551696372840945 1.9644154565572032 1.9732131455438873 1.981329419038866 1.988571226653806 0.0 0.0 0.0 0.0 0.0 0.0 0.0 0.0 0.0 0.0 0.0 0.0 0.0 0.0 0.0 0.0 0.0 0.0 0.0 2.06805166257976 2.049596307491155 2.0405978680576973 2.036625647224407
1.8658548778069484 1.867170844221918 1.8697808963828508 1.8736415380566243 1.8786882936944629 1.8848369039838535 1.8919853086659402 1.900016635590965 1.9088033720342792 1.9182128717403322 1.928114487446363 1.9383892617039449 1.9489452028363314 1.95974753833184 1.9708931473769948 1.9828234063686663 1.996994645739698 2.0181329794628677 2.0393403505111163 2.0607877135871377 2.082194476500763 2.1030980071851184 2.1229532808785687 2.1411848472596606 2.1572253512622432 2.1705500117298917 2.1807085882004276 2.1873535635315053 2.190262229535464 2.1893500116518934 2.1846721525910238 2.1764101247667993 2.164836471536086 2.1502436035229597 2.1327976389099024 2.1122012195860527 2.0867838181718077 2.0693765185580317 2.0590185895461097 2.0541811198305604
1.858442962554105 1.8597591911307514 1.8623719858690728 1.8662423415441909 1.8713126740318038 1.8775082568795511 1.8847396266156342 1.8929062829857783 1.901902024089589 1.911622314598838 1.92197432109389 1.932890936642592 1.9443518054526419 1.9564180272149498 1.9692938275233192 1.9834336575250457 1.9996736626024028 2.0190188141933314 2.0396646156740212 2.060916391453099 2.0822484349185717 2.1031214180013054 2.1229637070062957 2.1411897574596717 2.157228180896801 2.170552668965188 2.1807127290363693 2.1873616050359033 2.1902787523873166 2.189384399918865 2.18474411717689 2.1765618485559033 2.165160713706814 2.1509535108946145 2.134417346394304 2.116146949307047 2.097341948006934 2.082380740228797 2.072442160470995 2.0675367282498764
1.8533927194441597 1.854709024479114 1.8573235496363485 1.8612004930259858 1.8662872101380779 1.872515852033208 1.8798061103181116 1.8880694616154599 1.8972153325995842 1.9071596485478919 1.9178363365322595 1.929212573627929 1.9413088319732337 1.9542245257035928 1.9681670977134489 1.983469456312426 2.0005385851188096 2.0195810356116133 2.0399556975362994 2.0610567708824123 2.082314204544805 2.1031518123486737 2.122977744268159 2.141196515159852 2.1572321324889554 2.1705564107102786 2.180718570243821 2.1873729343228288 2.190301961373277 2.1894324406987073 2.1848436563462568 2.1767679079375544 2.165586478107366 2.1518293719722568 2.136198463103806 2.1196569858542453 2.103653264372761 2.0903797891240683 2.081117089927331 2.0763998301179094
1.8508347344458262 1.852151055526856 1.8547664327505817 1.858646732092729 1.8637418878221383 1.869987653652907 1.8773085334086659 1.8856223127363545 1.8948466376935618 1.904908089560918 1.9157541774614546 1.927368506803084 1.939788711455545 1.9531245829001456 1.9675681444134436 1.983375322025066 2.000781375648182 2.019815335564025 2.04010536652624 2.0611385705498653 2.082355554744436 2.103171827405315 2.1229872549098148 2.1412011781941493 2.1572348944251334 2.1705590457751054 2.1807226905679853 2.1873809165713807 2.1903182698021584 2.1894660380852744 2.184912698743521 2.1769088282881217 2.1658707566570463 2.1523913606110994 2.137270367158959 2.1215729787382034 2.1066877988059742 2.094220833998219 2.085366559266444 2.080798278514589
0.0 0.0 0.0 0.0 0.0 0.0 0.0 0.0 0.0 0.0 0.0 0.0 0.0 0.0 0.0 0.0 0.0 0.0 0.0 0.0 0.0 0.0 0.0 0.0 0.0 0.0 0.0 0.0 0.0 0.0 0.0 0.0 0.0 0.0 0.0 0.0 0.0 0.0 0.0 0.0
0.0 0.0 0.0 0.0 0.0 0.0 0.0 0.0 0.0 0.0 0.0 0.0 0.0 0.0 0.0 0.0 0.0 0.0 0.0 0.0 0.0 0.0 0.0 0.0 0.0 0.0 0.0 0.0 0.0 0.0 0.0 0.0 0.0 0.0 0.0 0.0 0.0 0.0 0.0 0.0
0.0 0.0 0.0 0.0 0.0 0.0 0.0 0.0 0.0 0.0 0.0 0.0 0.0 0.0 0.0 0.0 0.0 0.0 0.0 0.0 0.0 0.0 0.0 0.0 0.0 0.0 0.0 0.0 0.0 0.0 0.0 0.0 0.0 0.0 0.0 0.0 0.0 0.0 0.0 0.0
0.0 0.0 0.0 0.0 0.0 0.0 0.0 0.0 0.0 0.0 0.0 0.0 0.0 0.0 0.0 0.0 0.0 0.0 0.0 0.0 0.0 0.0 0.0 0.0 0.0 0.0 0.0 0.0 0.0 0.0 0.0 0.0 0.0 0.0 0.0 0.0 0.0 0.0 0.0 0.0
0.0 0.0 0.0 0.0 0.0 0.0 0.0 0.0 0.0 0.0 0.0 0.0 0.0 0.0 0.0 0.0 0.0 0.0 0.0 0.0 0.0 0.0 0.0 0.0 0.0 0.0 0.0 0.0 0.0 0.0 0.0 0.0 0.0 0.0 0.0 0.0 0.0 0.0 0.0 0.0
0.0 0.0 0.0 0.0 0.0 0.0 0.0 0.0 0.0 0.0 0.0 0.0 0.0 0.0 0.0 0.0 0.0 0.0 0.0 0.0 0.0 0.0 0.0 0.0 0.0 0.0 0.0 0.0 0.0 0.0 0.0 0.0 0.0 0.0 0.0 0.0 0.0 0.0 0.0 0.0
0.0 0.0 0.0 0.0 0.0 0.0 0.0 0.0 0.0 0.0 0.0 0.0 0.0 0.0 0.0 0.0 0.0 0.0 0.0 0.0 0.0 0.0 0.0 0.0 0.0 0.0 0.0 0.0 0.0 0.0 0.0 0.0 0.0 0.0 0.0 0.0 0.0 0.0 0.0 0.0
0.0 0.0 0.0 0.0 0.0 0.0 0.0 0.0 0.0 0.0 0.0 0.0 0.0 0.0 0.0 0.0 0.0 0.0 0.0 0.0 0.0 0.0 0.0 0.0 0.0 0.0 0.0 0.0 0.0 0.0 0.0 0.0 0.0 0.0 0.0 0.0 0.0 0.0 0.0 0.0
0.0 0.0 0.0 0.0 0.0 0.0 0.0 0.0 0.0 0.0 0.0 0.0 0.0 0.0 0.0 0.0 0.0 0.0 0.0 0.0 0.0 0.0 0.0 0.0 0.0 0.0 0.0 0.0 0.0 0.0 0.0 0.0 0.0 0.0 0.0 0.0 0.0 0.0 0.0 0.0
0.0 0.0 0.0 0.0 0.0 0.0 0.0 0.0 0.0 0.0 0.0 0.0 0.0 0.0 0.0 0.0 0.0 0.0 0.0 0.0 0.0 0.0 0.0 0.0 0.0 0.0 0.0 0.0 0.0 0.0 0.0 0.0 0.0 0.0 0.0 0.0 0.0 0.0 0.0 0.0
