1.13437009120009
0.0 1.9795343850165374 3.4106458882786646 3.8595663768743584 3.864685193320515 1.299535079307518 3.3517736707797363 3.760180519444305 2.3166011395015507 4.319465715605521 1.235109155263136 2.196379998717738 2.453087348133957 1.9286896566205707 0.0 0.0 0.0 0.0 0.0 0.0 0.0 0.0 0.0 0.0 0.0 0.0 0.0 0.0 0.0 0.0 0.0 0.0 0.0 0.0 0.0 0.0 2.444661334191331 1.3574734047229553 2.0587736381946713 0.478035944223895
2.289699180766853 1.4401565974146133 2.1938668194036506 1.509621591230529 1.8007617803543627 1.5095779871445267 3.3353984604098588 2.5798375207003943 3.5100862057110307 3.7554767417214143 1.4023256582999652 1.3424167314843158 2.3459008548662936 2.8035980549830986 0.0 0.0 0.0 0.0 0.0 0.0 0.0 0.0 0.0 0.0 0.0 0.0 0.0 0.0 0.0 0.0 0.0 0.0 0.0 0.0 0.0 0.0 3.272842943746409 3.2777050185036343 1.0623287719803751 0.7074348987020864
2.352610823963493 2.8605220919585452 1.389257192315624 3.129380188061506 3.0435434397315255 2.896356179743632 2.857271893194971 3.777219909813992 1.843959046215545 3.418564130360038 1.4766098284608837 1.5926133025815201 3.4492249081055797 4.474776814889031 0.0 0.0 0.0 0.0 0.0 0.0 0.0 0.0 0.0 0.0 0.0 0.0 0.0 0.0 0.0 0.0 0.0 0.0 0.0 0.0 0.0 0.0 4.2952717102703515 4.129850331003321 3.3028503803959506 1.9935193033940455
0.7393274092871067 2.004030019950728 2.752341401472658 3.7919420856722432 3.6697529177588875 1.2311170906630782 2.5310008444708436 3.944491975430326 3.7395545751323356 1.7321445517805003 1.3869050749865852 1.5028770534094544 4.050652905377572 3.3616746988597095 0.0 0.0 0.0 0.0 0.0 0.0 0.0 0.0 0.0 0.0 0.0 0.0 0.0 0.0 0.0 0.0 0.0 0.0 0.0 0.0 0.0 0.0 2.413195198075848 1.3937221902013355 3.269370997684687 0.7811627032507641
1.3373659611969324 2.2602024888306538 2.6752773759209525 1.5699371168885776 2.001579677392 3.906746848854764 1.2570891902022656 1.6516981411295397 3.404516577805125 1.9691566428619338 1.3318903319836712 3.5664747485386843 3.50021005282261 2.709529465168442 0.0 0.0 0.0 0.0 0.0 0.0 0.0 0.0 0.0 0.0 0.0 0.0 0.0 0.0 0.0 0.0 0.0 0.0 0.0 0.0 0.0 0.0 0.5694564504911985 0.5780065064132177 2.4871394405198273 2.249011568103752
1.609548817136499 1.2158268584687795 2.2787125043320664 1.307377454402514 0.9030502534103148 4.229165699789219 3.94855178381428 2.247213067420935 3.3819934527912534 3.520267897424835 1.06266157505103 0.82012348223959 0.9883787537424448 1.3592274559193314 0.0 0.0 0.0 0.0 0.0 0.0 0.0 0.0 0.0 0.0 0.0 0.0 0.0 0.0 0.0 0.0 0.0 0.0 0.0 0.0 0.0 0.0 1.694445157290036 1.5417163315783926 2.1494900739129887 0.9259155650666717
3.0465088775437965 2.529019165437669 1.5720954457742895 0.5769171767583301 2.159579276583455 3.2075180587695864 2.8034832638443667 1.8590595310057565 2.3604711692315234 3.955604565169947 2.1497837764899788 0.4604336649483444 1.2763937296402719 1.042097527430843 0.0 0.0 0.0 0.0 0.0 0.0 0.0 0.0 0.0 0.0 0.0 0.0 0.0 0.0 0.0 0.0 0.0 0.0 0.0 0.0 0.0 0.0 3.7147109860388015 2.3670063226975473 3.902437224152349 3.624652822502496
4.176406106060531 0.9063403757470555 0.94851121741561 1.062482102648961 3.122323474291972 1.7650911839800758 0.7866892903916353 1.9989556544977374 1.3296034628382092 3.7335145339759204 3.0525616465169705 0.7519242874323754 1.340726615510379 3.6322854560573585 4.212066531656436 0.0 0.0 0.0 0.0 0.0 0.0 0.0 0.0 0.0 0.0 0.0 0.0 0.0 0.0 0.0 0.0 0.0 0.0 0.0 0.0 0.0 2.0227407097976675 1.8768439776565526 3.8697025493216914 3.7772781542802054
2.3302888136336524 1.6370397400692616 3.5758854852013418 1.5592142272362344 2.027541770063758 2.381692187730724 2.420165676940549 4.071695615716099 1.9988960762476158 1.0523485479338937 1.350346208769969 2.735334513168689 3.569359717731781 1.182081491471832 2.3106363061163573 1.5316102936870961 3.437779629251487 2.2525747658720485 3.1342229074415404 0.9668494532889531 1.0601053853670428 2.122617730341944 0.7404780561877464 0.0 0.0 0.0 0.0 0.0 0.0 0.0 0.0 0.0 0.0 0.0 0.0 0.0 2.3067882233792725 3.340640061072579 2.399532102814957 2.8276289063944073
1.3932779164621245 2.015861564042314 2.656953972149629 1.2853513109762227 2.1875203588260907 3.223986689199376 2.181176157919155 3.3975791882162887 2.5458457155100636 2.5028918068886643 1.624722381528604 1.4291631398968738 2.9077937375345044 0.9309016138227351 2.331448277191345 1.9151485509731565 2.6172590410238143 3.2602577341510846 3.270652770846557 2.3896491952339027 1.4238862888435686 3.1798431074993094 2.997045706773945 0.0 0.0 0.0 0.0 0.0 0.0 0.0 0.0 0.0 0.0 0.0 0.0 0.0 1.264079226375622 1.0905697541687318 3.2316763923977017 3.9341917950993492
1.3430412703739942 2.9230566509782054 1.0572973591650863 0.5380001970038695 1.6457550075821665 2.1730476018423124 2.881323749510863 1.8047927288094763 2.039293113303201 1.9219132539522767 2.439323722963609 3.2107386657484738 3.645144475066838 0.6540277478878702 0.9887666062432855 2.1159241201164 4.374085122137705 3.672455470171958 3.303222563924664 0.6195880748475083 0.8215952459587076 2.352038533624186 0.8107275044153756 0.0 0.0 0.0 0.0 0.0 0.0 0.0 0.0 0.0 0.0 0.0 0.0 0.0 2.1143497979794508 1.859999419044244 2.134460104624115 1.7902385470760325
0.8391290376164009 2.2192680273496763 2.8483138121634504 2.390533722442341 1.5706122948919528 2.7839168427161547 3.0380592930098045 3.949796506258548 4.454154955805434 2.691776712711203 1.991638772218116 2.0538594584149537 3.9844175871791045 2.2341834922693864 2.818506276713944 1.8356374820036774 4.030336967137737 4.389099244216178 2.7896925339599092 0.8425869974603859 2.6193876761495334 3.1528213731416725 1.35264272155982 0.0 0.0 0.0 0.0 0.0 0.0 0.0 0.0 0.0 0.0 0.0 0.0 0.0 3.1086916286271977 1.2244479813990976 2.065909866211869 0.9197487165441544
0.7636437669817937 2.7293402273053915 2.0315303872806085 2.570997794916465 1.781264736727648 3.758295063196659 3.051886372394755 2.3567367337881935 2.295144750076375 1.9514296448109747 2.8994230728901886 3.0717640952985663 2.8712063131634054 3.745500778411504 1.5362536915950455 1.1020657287580795 1.6378547652294624 4.0216877278915995 3.8824554168216627 2.3000563834180063 4.102561019251312 4.0800807616986745 0.8221191683083431 0.0 0.0 0.0 0.0 0.0 0.0 0.0 0.0 0.0 0.0 0.0 0.0 0.0 1.2759509599269085 2.09672849606009 2.3412089269522114 0.5825663078161162
3.4644752799739997 2.3525716373156293 1.1373603812499775 4.017205394186283 3.8086948071310798 2.3913041323520012 3.0977976222503285 4.083080182689609 4.414750169585512 4.031598061316797 2.116458577937609 2.571800874674001 1.6274403722243442 4.270445854196856 3.5104209326303586 2.7296719765445925 2.881201396434268 3.149261586402001 3.5060033272536204 1.3140233428479133 3.9175762783931707 4.630775848746922 3.008473084924809 0.0 0.0 0.0 0.0 0.0 0.0 0.0 0.0 0.0 0.0 0.0 0.0 0.0 2.966712885119315 3.410872264700429 1.1408903002824804 0.8215973444822715
4.011707383352684 3.0906241954321745 0.9436625189863869 1.5228061504139687 3.430540941353048 2.3840769005767863 1.1823182848439102 2.2264311354654347 3.340074375469968 3.4890523061597705 1.068838449270259 0.7670183771480888 2.7562871301787673 3.860804773034637 1.7381145070121937 1.6013747038643802 1.3324889876615091 1.0777813111934544 1.168581616288884 3.3360079657706176 2.6674413041292007 1.8067797140811268 0.782108429181404 0.0 0.0 0.0 0.0 0.0 0.0 0.0 0.0 0.0 0.0 0.0 0.0 0.0 3.341639383822439 3.896927910253934 2.8271466985116938 1.2031852123587554
0.9252540157486953 2.7523536370863746 2.3497439032777088 1.4518216591380315 1.2658568586481826 4.018605844946078 3.8853658452168043 2.8053092047716293 2.7370892616540545 1.2329558648897225 1.9855830509505061 1.2322621225298882 2.752388446863583 1.6881376992111843 0.49582900879403224 2.292661509605479 3.2507409540127017 1.7106608718178096 3.2582912001374202 1.7918317262021828 1.5571073869700833 2.070330975792095 2.111387078500588 0.0 0.0 0.0 0.0 0.0 0.0 0.0 0.0 0.0 0.0 0.0 0.0 0.0 1.8563414143877626 2.381599732910395 3.827974961646283 0.9865338632094474
1.1662029964360632 1.464356027374963 2.101360771529037 2.538509406474998 1.4717239994364044 3.8329578693278403 2.5768686947224735 3.440506733674808 1.6619695855753647 2.9712654350219334 1.7106068161828198 3.569472163679341 3.181687034537431 3.874604248375972 1.2259237635950546 2.8638629299819915 3.490693107166981 1.1526238472326311 3.3805065459582955 3.7500237134635497 3.725835911564858 1.095094224815476 1.9096953868645785 0.0 0.0 0.0 0.0 0.0 0.0 0.0 0.0 0.0 0.0 0.0 0.0 0.0 1.9273669971682283 0.9500261338811731 1.2070615779080438 2.1154746379971834
2.8942563130506604 3.158594702817054 2.245558057964697 2.658013410701476 1.663152846132375 1.583775397726623 2.8620902592920636 4.152366815364346 2.6591449952518404 2.932711066843434 2.0637492115088456 4.026915604475354 1.7364092788504344 1.7845806268379971 1.068147578108764 3.692205088107176 3.2266775463150013 3.201206954638491 3.3388674660237636 2.162256038477223 3.2329635641268735 2.492986532033358 3.134757741969522 0.0 0.0 0.0 0.0 0.0 0.0 0.0 0.0 0.0 0.0 0.0 0.0 0.0 4.354015254873942 2.23075190149255 3.1849272312334396 1.566919747656573
3.2714509826260003 1.2145444088205197 3.115406497434431 4.213701544219894 2.121765176568391 1.0288695934063488 3.829654703724782 3.445860342210043 3.6578499512433638 3.586066011282926 1.8405928872573227 4.007434158133833 3.4543467435684776 1.5385316354456757 3.133278864005321 1.9500878369033354 2.4676594708466593 4.189874457364318 3.045463663398923 1.8765078899455079 3.356464503012178 1.5090298280804944 1.7296142361791038 0.0 0.0 0.0 0.0 0.0 0.0 0.0 0.0 0.0 0.0 0.0 0.0 0.0 2.945055558143629 2.9123993883963015 3.526604406074488 3.608271959088295
2.110437888633619 1.6044438020517633 2.5453444457003123 3.117870647894988 1.117404269157374 1.1285522050565193 3.944454287591558 1.5387695904593721 1.036718255658217 2.9062608280316575 3.38931722876306 2.2209177470353767 2.1571402359490506 3.9276503144090307 4.065184463687111 0.8242942795240081 1.5157377825267029 3.231430937678822 1.0922725229172234 0.7168138549841733 2.8514797653023516 1.1244933750915056 3.949033198967842 0.0 0.0 0.0 0.0 0.0 0.0 0.0 0.0 0.0 0.0 0.0 0.0 0.0 3.8631235346831336 2.273866689717514 3.4252891551447076 4.492465419014656
1.1646824014518007 2.075371563007343 2.69085051086552 1.0381539504846138 1.6376162571759867 0.9665431544768931 2.0926257073112366 3.7704326627875155 3.754788327640507 3.2129169001808813 2.533762493985545 2.8382571731661352 2.624352432195152 3.195047308228059 2.6457953496543007 1.096134407959727 2.567660474453074 1.7235315126516177 1.7946504124417557 1.6761657278297426 2.0208879418882795 0.6230342173584065 2.950321458463866 0.0 0.0 0.0 0.0 0.0 0.0 0.0 0.0 0.0 0.0 0.0 0.0 0.0 4.201504684718129 3.8528322155109884 3.1672484781945176 2.1476349147352245
0.5408179637920999 1.2382574564692606 2.750857989463513 1.1647370212196042 2.2208862192741217 0.8834329966051568 2.589029971439374 4.172714740977012 4.152261626383527 2.4433967937125396 1.0489112031765415 2.680552735238808 2.456554590456417 3.43687330192984 4.389527850237266 3.596170563284471 0.0 0.0 0.0 0.0 0.0 0.0 0.0 0.0 0.0 0.0 0.0 0.0 0.0 0.0 0.0 0.0 0.0 0.0 0.0 0.0 1.6963123888661202 1.6526414208590514 1.460823900930373 0.6585695782544546
3.6922044413052575 1.1453202797030015 3.596225279578755 1.090733126863348 1.1293791419996175 3.6817906923571386 2.7627538824955966 3.454822137132699 2.3206096477241362 2.712211606768884 2.7529698812787613 1.3908951504183888 1.3647620813625498 3.7291743619606836 3.398623069930964 1.1115403164267592 0.0 0.0 0.0 0.0 0.0 0.0 0.0 0.0 0.0 0.0 0.0 0.0 0.0 0.0 0.0 0.0 0.0 0.0 0.0 0.0 0.6051217194188734 1.3215315470659779 1.110838477435271 1.73102437158902
3.5304419068239548 2.5001981830390734 3.5960832276260275 3.202761693011543 1.0888729357886866 2.8886203790798897 2.5713713713313258 1.6753772387961066 3.2289066262878157 2.3837542350493197 3.162609629077549 1.318773094859126 3.9811171508927403 4.049174933273382 3.0727308550110193 3.4210169366429337 0.0 0.0 0.0 0.0 0.0 0.0 0.0 0.0 0.0 0.0 0.0 0.0 0.0 0.0 0.0 0.0 0.0 0.0 0.0 0.0 0.0 2.944035515437726 1.596864882801753 4.036997986023782
2.2924561904041205 2.3514189052555388 1.657621182366277 3.8526881933526775 2.7334163346011775 1.8199705582325016 2.9455783123164014 1.6194004292567798 2.71012996791297 2.713982393600311 2.2685463255701217 3.2351056344516946 4.09990609605134 3.7032898016527382 1.7457299657900345 1.3005593951140786 0.0 0.0 0.0 0.0 0.0 0.0 0.0 0.0 0.0 0.0 0.0 0.0 0.0 0.0 0.0 0.0 0.0 0.0 0.0 0.0 0.0 3.9395024592279704 3.244147341075913 3.8169260907895146
4.2574819981940095 3.853214441410615 2.768274736836825 2.76069681405849 3.0914589693401506 3.71474977092684 4.2115045968240095 2.09172038540692 1.6475111555039226 0.7319565229161705 1.2107271245856353 3.8638696813798425 2.8923245525934167 2.7997018115420316 3.724117297245288 2.5970094564297472 0.0 0.0 0.0 0.0 0.0 0.0 0.0 0.0 0.0 0.0 0.0 0.0 0.0 0.0 0.0 0.0 0.0 0.0 0.0 0.0 0.0 0.7799091711602162 1.5883633067403744 0.8182896151080166
4.1863016334139065 2.0043916398465447 1.8830761059627377 3.8932108299526944 3.443441074176979 2.3492287215769805 3.4633575254108635 1.8661645952695698 1.1771577510108977 1.9007109815621357 1.999700987123506 3.441764330011474 1.603079187948053 1.0272305057989377 3.060783666188904 4.356725852137487 0.0 0.0 0.0 0.0 0.0 0.0 0.0 0.0 0.0 0.0 0.0 0.0 0.0 0.0 0.0 0.0 0.0 0.0 0.0 0.0 0.0 1.5284610073964504 2.688100102047786 1.1407142001554247
1.7882032873012488 3.606677583327963 3.898162904512701 2.4005231843991655 4.300406102579317 3.9420543251036864 2.922347822890932 1.04805796383228 0.5892648807193082 3.557950434405308 2.005902429755228 3.5757092078360233 0.9954218361609882 1.4012734385285273 2.2787103909639006 2.6681447960528244 0.0 0.0 0.0 0.0 0.0 0.0 0.0 0.0 0.0 0.0 0.0 0.0 0.0 0.0 0.0 0.0 0.0 0.0 0.0 0.0 0.0 3.442613672038714 1.0518709665902577 1.6531568001189658
3.762474362966615 3.3270737789557 3.1194888536217364 3.0153210660743346 4.360682263341062 2.7097863592390548 1.5107698826272837 1.0731456486384956 0.8233769422908738 3.669470177241079 2.1779986674982554 1.5862118071050824 2.430616888145266 3.1767329742845334 3.755763281676656 3.8171283458674257 0.0 0.0 0.0 0.0 0.0 0.0 0.0 0.0 0.0 0.0 0.0 0.0 0.0 0.0 0.0 0.0 0.0 0.0 0.0 0.0 0.0 3.314843760601513 0.5477608168568632 0.6349844468894533
2.335502894987321 1.4058432088624535 2.11086787260691 1.8179849755984094 3.656476303084326 3.3759086394021867 2.299420352314685 1.51965185922375 3.1499186072006733 3.0470725781467665 1.338951476533087 0.33135540378275974 1.0294495391158573 3.3796604406634647 1.4741486822469312 1.6233793596703359 0.0 0.0 0.0 0.0 0.0 0.0 0.0 0.0 0.0 0.0 0.0 0.0 0.0 0.0 0.0 0.0 0.0 0.0 0.0 0.0 0.0 3.389510144919458 2.056896865060225 2.2265392048633523
1.9693145660669207 3.2654614359037115 1.589205158751071 1.7574070777644073 1.5295096636928807 1.3432719252463907 3.3079751654571647 2.8923412630925758 2.98538925673861 3.7411252966710977 3.375088851039273 2.099217305994073 3.153695271919479 1.1937668566143107 0.7684456497207355 3.781599277649306 0.0 0.0 0.0 0.0 0.0 0.0 0.0 0.0 0.0 0.0 0.0 0.0 0.0 0.0 0.0 0.0 0.0 0.0 0.0 0.0 0.0 2.7206894034467752 2.0992278547971446 0.8309508618473841
0.7565976355723897 3.0389967386696144 4.05961600851394 3.6636053709025704 3.6686911826243263 3.1420689311361247 1.6767772257853646 1.6376059462521284 2.8468597483323106 1.864106314501071 3.032632175337261 2.7630718748981167 2.549355747522814 3.66328357363233 1.1053493141996678 4.547325341256258 0.0 0.0 0.0 0.0 0.0 0.0 0.0 0.0 0.0 0.0 0.0 0.0 0.0 0.0 0.0 0.0 0.0 0.0 0.0 0.0 0.0 2.6210993983362303 3.506905462015826 1.5249810612814263
1.7471418966098409 2.5967101569424615 2.0398109974098806 2.001354833055888 3.743665185989391 2.0436722669684197 4.003803072506985 3.679929073841274 3.6867818820441087 2.787968316412977 3.8382395920828642 2.261110560807372 2.1964378652434107 3.980678868070732 2.2113003029528224 4.021099307494818 0.0 0.0 0.0 0.0 0.0 0.0 0.0 0.0 0.0 0.0 0.0 0.0 0.0 0.0 0.0 0.0 0.0 0.0 0.0 0.0 0.0 1.9448543429397522 1.4761863196458498 1.805770375761131
1.7396026583153543 0.9840513501158629 2.347821699695098 0.8901957676716888 1.7048320970022623 2.4699035586972244 4.131214629636521 4.0894520483840004 3.922740306546268 3.745904291050081 4.159023748003438 2.879285504672269 3.6300441479458936 3.4884747183868017 1.1232932445137465 2.0955679925563606 0.0 0.0 0.0 0.0 0.0 0.0 0.0 0.0 0.0 0.0 0.0 0.0 0.0 0.0 0.0 0.0 0.0 0.0 0.0 0.0 0.0 3.1493134768519306 0.7184722511077664 1.4885210733368792
1.3794438443690675 0.883059848231609 0.8373524876251911 1.5424964095134464 2.506611317329533 3.470692571073129 2.4231854814522436 0.9378169075361337 1.0484213915341858 4.259980030445772 2.0713963727946902 0.645613433552457 1.0444575871057522 1.3286874168637945 1.4472003892220529 0.49964427082488383 0.0 0.0 0.0 0.0 0.0 0.0 0.0 0.0 0.0 0.0 0.0 0.0 0.0 0.0 0.0 0.0 0.0 0.0 0.0 0.0 0.0 1.3334546141106125 0.43276666814072573 0.5156867475737474
3.669819948082324 2.412945166586255 2.640811723846063 2.857425295173783 3.49984307601508 0.9640806636635672 1.3846395611655922 3.1603140512700025 3.3658589590657035 3.4093534444622513 1.942031400093569 0.6676940036179282 1.3609176151324818 2.8385428926573395 1.8931218739710398 1.3007271607665656 3.748376416943932 0.0 0.0 0.0 0.0 0.0 0.0 0.0 0.0 0.0 0.0 0.0 0.0 0.0 0.0 0.0 0.0 0.0 0.0 0.0 1.510602955299369 0.7749610756877846 1.3910873522220162 1.319730235291396
2.220878664677309 2.413127982643138 1.4604073611805712 1.966230498889007 1.3712860810758722 1.9293227898565575 2.0828797673021366 2.104837857027844 2.8590645227393465 1.5576942150751778 3.202214043541921 3.310661866602782 1.7444063161726646 1.9143764384330297 3.1866309506000765 2.474521786440095 3.255748286337056 1.3701232126117422 1.9353965855837638 2.12350295552785 0.3220190116444152 1.2880449091475852 3.928144790325377 3.534267806421566 2.0460300479160445 0.813706937732084 0.5737591638481492 0.9999413772389908 2.1707209606038242 1.7442232404629068 2.809978944470192 3.4047852771406317 2.2988258646659903 1.4376949887808135 0.8437501558422134 0.9101157499556599 3.588502250743627 1.3475216662252325 3.227251102706764 3.8199433175322364
2.8314019823313155 2.5615010312638447 2.552401874633413 3.95512661907269 1.4782180156172102 0.9238379698460703 1.462975116591981 1.4720078579053792 0.8204893114297956 0.8418645973586485 3.5798316729367334 1.3824038366670042 2.131526236645841 3.304796858909592 1.60532602929463 3.512487253199213 1.0947082862607511 1.1828510419274985 3.800645974680651 3.235298653157975 0.7060155967538041 1.3242868918323085 1.9555231744390105 2.851160127914417 4.034345945377044 2.9310732600681453 2.3696411326135127 2.902788923018033 2.241798147177104 0.8570242960998633 3.0598859154610905 3.837236063709483 2.2002163414570663 0.7447363681381969 1.8366640981758464 1.260955746026378 2.7816614925049805 2.1449553936528036 2.303370436718726 3.056440062423981
0.6383753987321632 2.839438614882004 1.3222309930392255 2.502485429116972 3.0929522253960697 2.343200942270946 2.8130391321484645 2.2441707180965254 1.0276290808876012 3.4947738034866473 3.277318428679388 1.0339627021347289 2.6732529021976084 3.079260404328615 3.2296005604511637 1.7427801149042672 0.6942338735127396 1.3747587176916838 3.797758454885291 1.3485371764675445 1.2073252596825907 0.8177514254641578 1.9492043165801551 4.10031437042895 2.960069020027083 3.1211886131233966 3.088994148442236 1.2375998349269604 0.4845696366015078 1.5693183390335608 2.937812159037008 2.890416950759439 3.093448232618429 1.124895331056531 2.4795789569851263 3.4534089343028636 4.096584219856388 2.1280954131712364 3.787305411759123 4.259045663733507
1.0881451640958066 2.2271690358272513 1.7714297695807844 0.6168644997235113 1.0198421369041317 1.057742631328933 1.1247579425028273 3.108454998825219 0.696759370148674 1.6984688355163913 2.6545788011588733 3.0450125759786304 1.1122990638102264 3.966861490186412 1.8284778997003446 1.68186416584263 2.4063690975586276 3.8169831978652677 3.057411763061241 2.432578551795314 1.474836914613004 3.1208847866324256 3.1081928566472072 2.702824466126401 2.1232155086725664 4.4284749643942805 3.7623112859097154 3.996882711460753 1.6809398340983999 3.3060062207141248 2.957723109914706 2.5251071249878905 1.1638814768451504 1.9029937843180247 2.864292172057239 3.94235917607086 2.5137993443941915 3.2612196863414242 4.2809726457473785 4.7593140034057075
0.0 0.0 0.0 0.0 0.0 0.0 0.0 0.0 0.0 0.0 0.0 0.0 0.0 0.0 0.0 0.0 0.0 0.0 0.0 0.0 0.0 0.0 0.0 0.0 0.0 0.0 0.0 0.0 0.0 0.0 0.0 0.0 0.0 0.0 0.0 0.0 0.0 0.0 0.0 0.0
0.0 0.0 0.0 0.0 0.0 0.0 0.0 0.0 0.0 0.0 0.0 0.0 0.0 0.0 0.0 0.0 0.0 0.0 0.0 0.0 0.0 0.0 0.0 0.0 0.0 0.0 0.0 0.0 0.0 0.0 0.0 0.0 0.0 0.0 0.0 0.0 0.0 0.0 0.0 0.0
0.0 0.0 0.0 0.0 0.0 0.0 0.0 0.0 0.0 0.0 0.0 0.0 0.0 0.0 0.0 0.0 0.0 0.0 0.0 0.0 0.0 0.0 0.0 0.0 0.0 0.0 0.0 0.0 0.0 0.0 0.0 0.0 0.0 0.0 0.0 0.0 0.0 0.0 0.0 0.0
0.0 0.0 0.0 0.0 0.0 0.0 0.0 0.0 0.0 0.0 0.0 0.0 0.0 0.0 0.0 0.0 0.0 0.0 0.0 0.0 0.0 0.0 0.0 0.0 0.0 0.0 0.0 0.0 0.0 0.0 0.0 0.0 0.0 0.0 0.0 0.0 0.0 0.0 0.0 0.0
0.0 0.0 0.0 0.0 0.0 0.0 0.0 0.0 0.0 0.0 0.0 0.0 0.0 0.0 0.0 0.0 0.0 0.0 0.0 0.0 0.0 0.0 0.0 0.0 0.0 0.0 0.0 0.0 0.0 0.0 0.0 0.0 0.0 0.0 0.0 0.0 0.0 0.0 0.0 0.0
0.0 0.0 0.0 0.0 0.0 0.0 0.0 0.0 0.0 0.0 0.0 0.0 0.0 0.0 0.0 0.0 0.0 0.0 0.0 0.0 0.0 0.0 0.0 0.0 0.0 0.0 0.0 0.0 0.0 0.0 0.0 0.0 0.0 0.0 0.0 0.0 0.0 0.0 0.0 0.0
0.0 0.0 0.0 0.0 0.0 0.0 0.0 0.0 0.0 0.0 0.0 0.0 0.0 0.0 0.0 0.0 0.0 0.0 0.0 0.0 0.0 0.0 0.0 0.0 0.0 0.0 0.0 0.0 0.0 0.0 0.0 0.0 0.0 0.0 0.0 0.0 0.0 0.0 0.0 0.0
0.0 0.0 0.0 0.0 0.0 0.0 0.0 0.0 0.0 0.0 0.0 0.0 0.0 0.0 0.0 0.0 0.0 0.0 0.0 0.0 0.0 0.0 0.0 0.0 0.0 0.0 0.0 0.0 0.0 0.0 0.0 0.0 0.0 0.0 0.0 0.0 0.0 0.0 0.0 0.0
0.0 0.0 0.0 0.0 0.0 0.0 0.0 0.0 0.0 0.0 0.0 0.0 0.0 0.0 0.0 0.0 0.0 0.0 0.0 0.0 0.0 0.0 0.0 0.0 0.0 0.0 0.0 0.0 0.0 0.0 0.0 0.0 0.0 0.0 0.0 0.0 0.0 0.0 0.0 0.0
0.0 0.0 0.0 0.0 0.0 0.0 0.0 0.0 0.0 0.0 0.0 0.0 0.0 0.0 0.0 0.0 0.0 0.0 0.0 0.0 0.0 0.0 0.0 0.0 0.0 0.0 0.0 0.0 0.0 0.0 0.0 0.0 0.0 0.0 0.0 0.0 0.0 0.0 0.0 0.0
