1.7601615423861265
0.0 2.383010172913117 2.3740273261152995 2.3741134231997307 2.3813037604065905 2.39386275861308 2.4101133830296035 2.4284396057915973 2.447327992229255 2.4654076674115584 2.4814779834643135 2.494525544688042 2.5037377106952117 2.508520039378437 0.0 0.0 0.0 0.0 0.0 0.0 0.0 0.0 0.0 0.0 0.0 0.0 0.0 0.0 0.0 0.0 0.0 0.0 0.0 0.0 0.0 0.0 2.5094743064171445 2.4943457357627357 2.4818344018967062 2.471479918727377 2.4628764956735947 2.4556828209129127 2.449626122851088 2.4444995700256795 2.4401552150654298 2.436496490267091 2.4334740470240197 2.4310863557916815 2.429382658103001 2.4284621650811036
2.375387578690127 2.362361242206019 2.356312458469695 2.357764938341728 2.365739791770533 2.378814055722099 2.395429156566497 2.414024075608974 2.4331154254932175 2.4513499233045746 2.4675368499346497 2.480667598819172 2.489931437835767 2.4947361408832576 0.0 0.0 0.0 0.0 0.0 0.0 0.0 0.0 0.0 0.0 0.0 0.0 0.0 0.0 0.0 0.0 0.0 0.0 0.0 0.0 0.0 0.0 2.4993817510695413 2.484416318029481 2.471854615713362 2.4612616369016136 2.452262861716851 2.4445521959030514 2.437894477358194 2.4321217727819695 2.4271255099664892 2.42284812838604 2.419277672623406 2.4164464985050107 2.414431710395754 2.413351616351333
2.359430067157526 2.34721595398663 2.3425321042344502 2.344930906309688 2.353448728206555 2.366778725983902 2.3834563447479824 2.4019900898287077 2.420950077623345 2.439025359927046 2.455057769780855 2.4680609375040476 2.477235553234911 2.4819928556004465 0.0 0.0 0.0 0.0 0.0 0.0 0.0 0.0 0.0 0.0 0.0 0.0 0.0 0.0 0.0 0.0 0.0 0.0 0.0 0.0 0.0 0.0 2.4967529813963556 2.481769035255546 2.4689983504527984 2.458031021036962 2.4485225957135093 2.4401998766059108 2.432862047583415 2.4263764144438262 2.4206704900733436 2.4157235396030674 2.411560403834463 2.408248374755276 2.4058947511999653 2.4046398562579467
2.3482646523611335 2.336750017726615 2.3327976471479746 2.335689491134827 2.344398009612857 2.3576526717979576 2.374054899968079 2.3921840917782697 2.4106787986910945 2.4282909242713857 2.4439160543671594 2.456606967107248 2.465581961017261 2.470245810785195 0.0 0.0 0.0 0.0 0.0 0.0 0.0 0.0 0.0 0.0 0.0 0.0 0.0 0.0 0.0 0.0 0.0 0.0 0.0 0.0 0.0 0.0 2.5006071981929066 2.4853985766928126 2.4722198793738928 2.4606881876270945 2.450490628780274 2.4413878664264343 2.4332139450473638 2.4258718135442408 2.419325823014915 2.413593561122907 2.408739063715944 2.404867689466367 2.4021203139096587 2.400662236417532
2.3414679269728533 2.3304920257844675 2.3269135670466015 2.329927440437136 2.338475248484814 2.351312393591448 2.3670992780785847 2.3844903011192766 2.402205494262435 2.419078627419658 2.4340812226470256 2.4463256406658975 2.455054599491423 2.4596374283731444 0.0 0.0 0.0 0.0 0.0 0.0 0.0 0.0 0.0 0.0 0.0 0.0 0.0 0.0 0.0 0.0 0.0 0.0 0.0 0.0 0.0 0.0 2.509719112584685 2.4940560250258494 2.4802282149409627 2.467884641804888 2.45674913996266 2.4466213655399875 2.4373752665818555 2.428954424826199 2.4213650480470386 2.4146681141797477 2.4089718380856286 2.4044242240621982 2.4012034306806274 2.399502061979001
2.3386016049998717 2.328032454860383 2.3245844464527776 2.327426916493659 2.3355041978206037 2.347609496384099 2.3624685878152274 2.3788193681107126 2.3954762710523396 2.4113734703392464 2.4255843574610085 2.4373147186115163 2.445860804639137 2.450518066235558 0.0 0.0 0.0 0.0 0.0 0.0 0.0 0.0 0.0 0.0 0.0 0.0 0.0 0.0 0.0 0.0 0.0 0.0 0.0 0.0 0.0 0.0 2.5226865793263484 2.5063237495712025 2.4915736185025734 2.47812514384725 2.465747737048476 2.45428930037702 2.443672985122491 2.433892038956685 2.425002987987701 2.4171177738089504 2.4103951384359457 2.4050305139480166 2.401242260137592 2.399251157310797
2.3392191052518947 2.328961779840145 2.325469402059291 2.3279141664084504 2.335267790792144 2.346377372887444 2.3600451151873796 2.375101941966586 2.3904671887775715 2.40519033852387 2.418473929171258 2.429674604572368 2.4382549339461956 2.4435371668620585 0.0 0.0 0.0 0.0 0.0 0.0 0.0 0.0 0.0 0.0 0.0 0.0 0.0 0.0 0.0 0.0 0.0 0.0 0.0 0.0 0.0 0.0 2.538015356156652 2.520707291753308 2.5047509697420143 2.489886201940577 2.4759398271703232 2.4628203144527285 2.4505122218889124 2.4390699202086985 2.428610342970934 2.4193045711164736 2.411367735444216 2.4050460404375453 2.400598899793328 2.3982738961796803
2.342869591971567 2.332862467546625 2.329203795273156 2.3310859025865676 2.3375259808792035 2.3474396703551763 2.3597161575687884 2.373286299574919 2.387178218723577 2.400559423265198 2.412771196362043 2.4233730708779633 2.4322488810042344 2.439955069004683 2.4490628307191624 0.0 0.0 0.0 0.0 0.0 0.0 0.0 0.0 0.0 0.0 0.0 0.0 0.0 0.0 0.0 0.0 0.0 0.0 0.0 0.0 0.0 2.5542122019464513 2.5357340063158356 2.5183075792080016 2.5017359341930874 2.4859165269613492 2.470831767866146 2.4565404111046942 2.443169321157831 2.4309050032053205 2.419984031361378 2.410681172753666 2.4032936258653033 2.3981195074874564 2.3954290456231373
2.349105402859095 2.3393138251704144 2.335411683187635 2.336623771411184 2.3420263140917887 2.3506151557551394 2.361374313560354 2.3733371843508104 2.3856360308786972 2.3975398680204396 2.4084866875677577 2.418123767797063 2.426380552239386 2.4336043300568404 2.440703327032243 2.448460454652322 2.4513952145529743 2.451587678109719 2.4502409175454303 2.4481870861986126 2.4460545872994746 2.4443249207478686 2.4433490946287137 0.0 0.0 0.0 0.0 0.0 0.0 0.0 0.0 0.0 0.0 0.0 0.0 0.0 2.569875373020266 2.550046225830923 2.530941151745364 2.512438301197849 2.4945179208055963 2.477248068218241 2.460772113555704 2.445297695443306 2.4310862864558467 2.4184420031645266 2.4076979190189784 2.3991979748476915 2.3932727215355354 2.390207968845552
2.3574892734534667 2.3478975313557595 2.343712284960883 2.344200133125723 2.348506351756915 2.3557153939610154 2.3649109242910753 2.375228345534009 2.3858960216541862 2.396265143559691 2.4058318996692503 2.4142580748722713 2.421393897992237 2.4272885110177262 2.432107548641869 2.4357293763898924 2.4369648935316683 2.4363150222361702 2.4344964152104986 2.4321639490192086 2.429867708358793 2.4280482339255007 2.427033429630279 0.0 0.0 0.0 0.0 0.0 0.0 0.0 0.0 0.0 0.0 0.0 0.0 0.0 2.5837711363802547 2.562476728523509 2.541574226351304 2.521026129154697 2.500903923880985 2.4813683737112946 2.462652446576654 2.44504680682122 2.428886937144149 2.4145401957146926 2.4023906581573073 2.3928195526711935 2.3861795441914246 2.3827623843989088
2.367596590058667 2.358198264696345 2.353719423329343 2.3534753718764474 2.3566872267331043 2.3625331324935965 2.370198317896381 2.3789178002389986 2.3880085198104353 2.3968907438187674 2.4051010372305246 2.4122998024462103 2.4182733928964177 2.422921237404763 2.4262024776090523 2.428022006345887 2.428190231713169 2.4269968334126286 2.424929953684574 2.4225045151212035 2.4201902399728343 2.4183809298793633 2.417377781761881 0.0 0.0 0.0 0.0 0.0 0.0 0.0 0.0 0.0 0.0 0.0 0.0 0.0 2.59488744577306 2.572097495108744 2.5493956576742933 2.526832979061049 2.504574379215287 2.4828731051253237 2.462048714195097 2.442468848048544 2.424533883837568 2.4086625573396603 2.3952760858280366 2.384778318089064 2.377530091285909 2.3738175658723115
2.379008800806552 2.36979618808665 2.365032647400764 2.364086685560787 2.3662587347164568 2.370822155428829 2.377062546543551 2.384310312887082 2.3919640935933493 2.3995052050712493 2.406505128278709 2.4126285936040195 2.417633398800861 2.421364906786058 2.423741418319145 2.424737297892699 2.424408670376105 2.423012198958687 2.420930653666977 2.4185858219715257 2.4163810002092894 2.414666403819172 2.4137170284478224 0.0 0.0 0.0 0.0 0.0 0.0 0.0 0.0 0.0 0.0 0.0 0.0 0.0 2.6024612299053205 2.578238782921462 2.553866968373034 2.529482830403541 2.505338915693346 2.4817717957716496 2.459175170255534 2.437978200224008 2.418628215753567 2.4015757214891487 2.387258932625236 2.3760850651772114 2.3684063879629473 2.364490887255794
2.391296190233149 2.382250227447456 2.377220136735454 2.3756295323918457 2.3768580721063417 2.380271931329712 2.385252270554671 2.3912180272239123 2.3976416508697325 2.404058480936091 2.4100719040490763 2.4153568379106174 2.419663338119676 2.422820661814919 2.4247414545408197 2.425428254664537 2.4249889113511873 2.423654826370226 2.4217450567644416 2.4196155337208145 2.4176159931894556 2.4160582728337263 2.415193231871503 0.0 0.0 0.0 0.0 0.0 0.0 0.0 0.0 0.0 0.0 0.0 0.0 0.0 2.605982190502886 2.5804825928209114 2.554699517281914 2.528846090074804 2.503248273319224 2.4783076687942223 2.454470271827457 2.432202206474356 2.4119715779544513 2.394234140352511 2.3794196815506368 2.367916006000904 2.3600482722565013 2.3560534716775714
2.403991498755269 2.3950740915034645 2.3897960022072167 2.3876350676991627 2.38804629360246 2.390482062523449 2.394410259254379 2.3993281413891596 2.404771640353382 2.4103213320315517 2.415607240744873 2.420314690610905 2.4241925598756535 2.4270638333857555 2.4288369484659302 2.429515735671168 2.4292051138104838 2.4281060794446803 2.4264895019102117 2.4246605715640865 2.4229250087635386 2.421561274810483 2.420798511495771 0.0 0.0 0.0 0.0 0.0 0.0 0.0 0.0 0.0 0.0 0.0 0.0 0.0 2.6051812646228374 2.57864016553563 2.5518146115118854 2.524977433632081 2.4985066481465323 2.472842910112747 2.4484548559243438 2.425813607840726 2.4053753600061776 2.387569364641615 2.3727878111461496 2.3613740958778338 2.35360693776009 2.349679948968782
2.416560189852152 2.40771084577738 2.402197921066843 2.399549678121106 2.399288762916621 2.4009429514745597 2.404053964625031 2.408183653246643 2.4129182284518644 2.41787218708447 2.422693934800772 2.4270746769479885 2.4307609377019537 2.4335693484007095 2.435400653940044 2.436248898516648 2.4362019427630575 2.4354307584306323 2.4341674455854956 2.432676860588443 2.431228471266456 2.4300720956069664 2.4294176832059304 0.0 0.0 0.0 0.0 0.0 0.0 0.0 0.0 0.0 0.0 0.0 0.0 0.0 2.6000140523179893 2.5727252394775366 2.545300820883583 2.51805316822096 2.491386756636969 2.465750537373377 2.441601163494619 2.419378126664058 2.3994890869698295 2.3823021010118874 2.368140750286531 2.3572782731727164 2.3499278342904883 2.346228272009863
2.428377631545265 2.419515756787712 2.41377434502484 2.410725409492136 2.409947925498073 2.4110304253841477 2.413572005762497 2.4171823747686796 2.4214824410349634 2.42610734816238 2.4307136624179155 2.434991536294284 2.4386811325356605 2.441590674924665 2.443611772523646 2.444727074127196 2.445007013933576 2.444596787118012 2.443698148956669 2.4425448103123446 2.4413774049894665 2.4404220162611017 2.4398721486411303 0.0 0.0 0.0 0.0 0.0 0.0 0.0 0.0 0.0 0.0 0.0 0.0 0.0 2.5906479879278153 2.562932867589614 2.5353802782716266 2.5083227274920348 2.4821655415331008 2.4573341642876905 2.434237108491014 2.4132441978806023 2.394677027926985 2.37880749807729 2.3658599308883255 2.356012550164439 2.3493951484983766 2.3460819308823897
2.438726177832897 2.42975929907451 2.423792169825788 2.420431242946126 2.41929744559666 2.4200223824994334 2.422243433008398 2.425599445279197 2.4297291428794012 2.4342742568458617 2.4388887561919903 2.4432543382961063 2.44710059157852 2.4502261607477083 2.4525153090200127 2.4539435380076013 2.4545687261257667 2.454513900816226 2.4539581835501076 2.453113487781429 2.4521995922415245 2.4514243326461327 2.450967908117431 0.0 0.0 0.0 0.0 0.0 0.0 0.0 0.0 0.0 0.0 0.0 0.0 0.0 2.5774579453760977 2.549628651815842 2.522389761861103 2.4960819199761244 2.4710904595044196 2.4477879622448953 2.42650021400937 2.407491032512261 2.390960597886561 2.3770522934452436 2.3658633447165536 2.357454902960936 2.3518581610764264 2.349075036935725
2.4468237411091787 2.437660484685611 2.431473757429404 2.4278929934109046 2.4265644795121246 2.4271432829151847 2.429284619249001 2.4326371157272675 2.4368404549481806 2.4415293987803897 2.4463452666631333 2.4509545970299595 2.4550729598377794 2.4584897254487363 2.4610870004221823 2.4628432024660127 2.463812257438945 2.4640890478773745 2.463836392044608 2.463255347060002 2.4625542497856454 2.461929051203945 2.4615502713046262 0.0 0.0 0.0 0.0 0.0 0.0 0.0 0.0 0.0 0.0 0.0 0.0 0.0 2.5610307336682148 2.533347281590808 2.50677483576271 2.481666991408047 2.458376821952322 2.437198711541135 2.418344343995731 2.4019392278761265 2.3880317796665667 2.3766100208051655 2.367621715530145 2.3609938637413026 2.3566479786053205 2.3545090985725703
2.4518884616493937 2.4424537485702666 2.4360654319079065 2.432363074643401 2.4310006457412365 2.431636505972319 2.433923366617743 2.4375010576320157 2.4419947021594286 2.4470201696512275 2.4521976490077715 2.457172936856157 2.4616446061163297 2.4653934676700753 2.4683077122750703 2.4703895663895543 2.471712164213165 2.472297846334224 2.472301934453205 2.4719315033204343 2.471395555934534 2.470885434606967 2.4705659620809985 0.0 0.0 0.0 0.0 0.0 0.0 0.0 0.0 0.0 0.0 0.0 0.0 0.0 2.542177816725795 2.5147938570934736 2.4890878722505247 2.4654606920861735 2.4442283810607126 2.4255827415635425 2.409592301107186 2.3962172618503055 2.3853313857109706 2.3767488358129674 2.3702537463297473 2.3656291751479253 2.362681722939591 2.3612589731594142
2.453232531256255 2.4434816228352423 2.436929164889395 2.43321158333009 2.4319730764141823 2.432856036094498 2.4354918875665406 2.439495185807661 2.4444634149553863 2.44998411168916 2.4556499430125895 2.4610814053078833 2.4659561111726243 2.470043519157679 2.4732440554500856 2.4756249981853027 2.477384183918505 2.4782712226261783 2.4784822122825494 2.478264185099832 2.4778420771364007 2.4774098002376643 2.477130196327546 0.0 0.0 0.0 0.0 0.0 0.0 0.0 0.0 0.0 0.0 0.0 0.0 0.0 2.5219623472349584 2.494835494473864 2.469973158369128 2.447895930444599 2.4288683883536835 2.4129447203997216 2.4000200912982166 2.389868562043503 2.382176218623695 2.376575918263412 2.3726846896671505 2.370141225890492 2.36863933971603 2.3679534132173616
2.4503662061223563 2.4402943362481078 2.4336389124265323 2.430020639706408 2.4290580471317473 2.4303605737869756 2.433522383162636 2.4381193908232084 2.4437115548292567 2.449851662715875 2.456100955757153 2.462051194868273 2.467352627948373 2.471749240261729 2.4751323816419366 2.4776658539355934 2.4802211882677128 2.481394253313023 2.48174177416737 2.481608239756116 2.4812451013230485 2.480852215485821 2.4805926359624664 0.0 0.0 0.0 0.0 0.0 0.0 0.0 0.0 0.0 0.0 0.0 0.0 0.0 2.5017726464064496 2.4744534397299036 2.4501112898722184 2.429440936338381 2.4125686517524123 2.3993438321819194 2.3894548393948836 2.3824778931616404 2.3779114411900397 2.3752131048180893 2.3738418438460274 2.3733022442188174 2.3731856547876236 2.373202673439743
2.44308620668341 2.432731612182507 2.4260579379725042 2.422659302865351 2.4221153655344936 2.4239889781735386 2.4278247291002275 2.433150207087144 2.439481444239315 2.4463332831065685 2.4532346332842034 2.459747801311124 2.465490142973605 2.4701544223656087 2.4735177559201804 2.475400300352918 0.0 0.0 0.0 0.0 0.0 0.0 0.0 0.0 0.0 0.0 0.0 0.0 0.0 0.0 0.0 0.0 0.0 0.0 0.0 0.0 2.4835589025243556 2.4545491639752317 2.430077426171684 2.410558585646825 2.395672587269319 2.38495622831501 2.377867853144909 2.373792806521361 2.372059504232174 2.3719716368609216 2.3728521082527947 2.374092279140811 2.375199263574823 2.375834017285669
2.4315251248401326 2.42096497675935 2.414376785701168 2.41131972164122 2.4113248312638706 2.413898698615072 2.4185280236675326 2.4246860809744417 2.4318418014876126 2.4394717352025004 2.4470746399765475 2.454187922953154 2.460404476957771 2.4653872698218793 2.46887688702982 2.4706853150192982 0.0 0.0 0.0 0.0 0.0 0.0 0.0 0.0 0.0 0.0 0.0 0.0 0.0 0.0 0.0 0.0 0.0 0.0 0.0 0.0 2.4706448158927468 2.435150306558139 2.4100756307307427 2.3916758466078556 2.3786281866692383 2.370128729074 2.3654457971492766 2.3638159464243698 2.364436115439771 2.366491931698742 2.369203483461491 2.3718785390744186 2.3739644437423606 2.375090067790271
2.4161498358630027 2.4054902634252793 2.399102671856461 2.396505810854883 2.3971760943952214 2.40055816807502 2.40607633034718 2.413146762846064 2.4211905391599373 2.429647223032393 2.4379887531860414 2.445733251467568 2.452458287806133 2.457812934063568 2.4615278375043266 2.4634236582685825 0.0 0.0 0.0 0.0 0.0 0.0 0.0 0.0 0.0 0.0 0.0 0.0 0.0 0.0 0.0 0.0 0.0 0.0 0.0 0.0 0.0 2.411989549629029 2.389855168287063 2.373331037785764 2.362067039955791 2.3554178796992544 2.3526230637950967 2.3528470423769314 2.3552083388093625 2.358819372285689 2.362837411985411 2.3665213942072176 2.3692867576323926 2.3707492820336187
2.3977123083802714 2.3870748193086953 2.3810052302210547 2.3789792364305407 2.3804160743671043 2.3846963493591105 2.3911806090799312 2.3992275485404417 2.40821102410824 2.417535277971017 2.426648110588902 2.435052156267691 2.4423147922602775 2.4480774485139505 2.4520651410223393 2.454096887307322 0.0 0.0 0.0 0.0 0.0 0.0 0.0 0.0 0.0 0.0 0.0 0.0 0.0 0.0 0.0 0.0 0.0 0.0 0.0 0.0 0.0 2.3924988935611067 2.371851478604455 2.356779246639983 2.346896673543825 2.341579066189918 2.340055035767056 2.3414602914459306 2.344880809391858 2.3493999686269706 2.3541529778977726 2.3583854005943587 2.3615087159492183 2.3631438835652183
2.377168796738066 2.3666756713458987 2.361034631729658 2.35967808720088 2.3619683808732974 2.3672227440280595 2.3747388957663773 2.38381910571155 2.393791118936646 2.4040249618154985 2.4139454328277647 2.423040940146642 2.4308700868140063 2.43706783401971 2.4413529727614858 2.443537672461855 0.0 0.0 0.0 0.0 0.0 0.0 0.0 0.0 0.0 0.0 0.0 0.0 0.0 0.0 0.0 0.0 0.0 0.0 0.0 0.0 0.0 2.376906388837007 2.3571658372854167 2.343033161483632 2.334005525443026 2.329427262568466 2.3285195012382243 2.3304177247843048 2.334212781908842 2.3389982066976356 2.3439243569936363 2.348255855884774 2.351425381359778 2.3530748248648017
2.3555883260109445 2.3453491170676903 2.340231929518322 2.3396273792539746 2.3428431535234457 2.3491355771317606 2.3577417823932514 2.3679092853619226 2.3789206275165182 2.39011173859211 2.400883882464096 2.4107103036313413 2.419139740928246 2.425799558891791 2.4304010616613985 2.4327482083525513 0.0 0.0 0.0 0.0 0.0 0.0 0.0 0.0 0.0 0.0 0.0 0.0 0.0 0.0 0.0 0.0 0.0 0.0 0.0 0.0 0.0 2.3655771889336217 2.3464312000766077 2.3328009458383936 2.3241164328619934 2.319703051391251 2.3187916601410694 2.3205439028903263 2.3240871331556976 2.3285580168962094 2.3331533302700387 2.3371837584826607 2.340123663140261 2.3416480326098528
2.334068065065601 2.324168524503021 2.3196478111511696 2.3198572048677537 2.3240530075359467 2.3314339594293614 2.3411793241172822 2.3524835202517917 2.3645842733458933 2.376782589190529 2.3884544283505846 2.399055570293972 2.4081224954219866 2.415272886036216 2.4202091833144657 2.422727028809803 0.0 0.0 0.0 0.0 0.0 0.0 0.0 0.0 0.0 0.0 0.0 0.0 0.0 0.0 0.0 0.0 0.0 0.0 0.0 0.0 0.0 2.3587110348974947 2.339954944747794 2.326482433778449 2.3177073387098432 2.3129658245390883 2.311522905922108 2.312591494866118 2.3153617298432954 2.319039528735522 2.322892276523828 2.3262971665817735 2.328785264845483 2.3300729557034194
2.313664857719054 2.3041587985035585 2.300277886221454 2.3013367868276124 2.3065439056539256 2.3150437861469535 2.3259603913164937 2.3384363377987065 2.3516644289483217 2.3649094240264854 2.377519855979087 2.388931612698556 2.3986666145522606 2.4063309655210405 2.411617008268344 2.4143120206369257 0.0 0.0 0.0 0.0 0.0 0.0 0.0 0.0 0.0 0.0 0.0 0.0 0.0 0.0 0.0 0.0 0.0 0.0 0.0 0.0 0.0 2.3562303433657514 2.337723656247463 2.3241563184169647 2.314962566150392 2.3095173995892884 2.307142951238676 2.307124266937206 2.308734155208751 2.311266529173506 2.3140761754343226 2.316620561679995 2.3184971250322977 2.319468424875049
2.2953434617892623 2.2862474720037604 2.2830144638964707 2.2849249290008884 2.291142466101356 2.3007603183932233 2.3128491956254176 2.326500772310958 2.3408626398045533 2.3551622491700623 2.368719448775378 2.380949316404935 2.3913588367720813 2.3995424061338864 2.405181828226369 2.4080553596731105 0.0 0.0 0.0 0.0 0.0 0.0 0.0 0.0 0.0 0.0 0.0 0.0 0.0 0.0 0.0 0.0 0.0 0.0 0.0 0.0 0.0 2.3577538454360263 2.3394071735306015 2.325581325171767 2.3157550947518657 2.3093627459131896 2.305800041221751 2.3044381099241 2.304644836345584 2.3058132967615683 2.307395360351348 2.308936412076213 2.3101052629488166 2.3107126074809536
2.2799364485767324 2.271227066284019 2.268609678528682 2.271332409829013 2.2785163618288795 2.2892055734037142 2.302418889727697 2.3171975897887163 2.332644039400837 2.3479484537372755 2.3624029711992858 2.3754043587102274 2.386448587330707 2.395122342630743 2.40109847269357 2.404143719121212 0.0 0.0 0.0 0.0 0.0 0.0 0.0 0.0 0.0 0.0 0.0 0.0 0.0 0.0 0.0 0.0 0.0 0.0 0.0 0.0 0.0 2.3626290666189758 2.344396774357234 2.330229737781808 2.319667145522348 2.3122143155469654 2.307348503776058 2.304532451541055 2.3032335501245766 2.3029479057850035 2.3032277737101907 2.30370891724126 2.304132810812094 2.3043582226288537
2.2681094735224625 2.2597223668486377 2.2576438886953967 2.2610908325958046 2.2691431891180454 2.28079700993782 2.295020050922794 2.310803643998229 2.3272056210489063 2.343380880335896 2.3585982010427706 2.372243803170573 2.383813721275957 2.392898762207892 2.3991691454797763 2.4023731505795634 0.0 0.0 0.0 0.0 0.0 0.0 0.0 0.0 0.0 0.0 0.0 0.0 0.0 0.0 0.0 0.0 0.0 0.0 0.0 0.0 0.0 2.3700155736016773 2.351884484891204 2.337358784806561 2.326051077788453 2.317541014430645 2.311385307493589 2.307134727113935 2.304352799507555 2.30263600257669 2.3016349705169006 2.3010742388131114 2.3007665043270578 2.300617240214703
2.2603279507089766 2.2521587577976065 2.250495722287849 2.2545246391926783 2.263284940341588 2.2757251648487706 2.290762330455351 2.3073383968463337 2.3244682850195986 2.341275565930584 2.3570137531695234 2.3710725841635507 2.382969252046545 2.392324443090697 2.3988247388252844 2.402186351584294 0.0 0.0 0.0 0.0 0.0 0.0 0.0 0.0 0.0 0.0 0.0 0.0 0.0 0.0 0.0 0.0 0.0 0.0 0.0 0.0 0.0 2.3790141846787507 2.360976965022796 2.3461124657049988 2.3341232363155684 2.32465480503518 2.3173288652440447 2.3117711413717665 2.30763102276651 2.30459753734758 2.3024137590380143 2.300888511716428 2.2999024430393287 2.29940560462505
2.256825255690687 2.2487319538396178 2.2473142354580937 2.251726792474088 2.260968534423609 2.2739405721842174 2.289509450537167 2.306568685006495 2.324092796290084 2.341179569540388 2.3570779846723324 2.371200429992378 2.383117237469088 2.3925274071532785 2.399189200076055 2.4027847816370977 0.0 0.0 0.0 0.0 0.0 0.0 0.0 0.0 0.0 0.0 0.0 0.0 0.0 0.0 0.0 0.0 0.0 0.0 0.0 0.0 0.0 2.388841962653926 2.3708214606724147 2.3556314219822547 2.343073309665303 2.3328201994217106 2.3245259662806634 2.317869292975199 2.3125705725614827 2.3084006558923655 2.3051869483278598 2.3028164471112684 2.301233433268709 2.300430026777194
2.257576635193437 2.2493835569607854 2.2479976241296025 2.2525423313297677 2.261976123810889 2.2751529581859202 2.2908896210485428 2.308032797766096 2.32551984783574 2.342428703746226 2.358014215579977 2.3717300274672772 2.383235454104071 2.3923820215086504 2.3991472791000015 2.403351524313637 0.0 0.0 0.0 0.0 0.0 0.0 0.0 0.0 0.0 0.0 0.0 0.0 0.0 0.0 0.0 0.0 0.0 0.0 0.0 0.0 0.0 2.3990810197814096 2.380681846786394 2.3651293043328194 2.352165535687658 2.341368196773577 2.3323685263363694 2.3248734931874244 2.3186605498375763 2.313572293912103 2.309512327542449 2.3064393177639775 2.3043564602639233 2.30329526168157
2.2622857291742866 2.253789546081351 2.2521854769178513 2.2565663200175172 2.2658508532904054 2.2788471329092514 2.2943241255026896 2.3110845943513483 2.3280328569107738 2.344232359102799 2.358950225984444 2.3716891364800063 2.382212069244919 2.390578078686302 2.3972501700630375 2.4035087684186154 2.4131611199737857 0.0 0.0 0.0 0.0 0.0 0.0 0.0 0.0 0.0 0.0 0.0 0.0 0.0 0.0 0.0 0.0 0.0 0.0 0.0 2.4403238009897934 2.4101522552914867 2.3897500769866786 2.3738815503321358 2.3608193075806887 2.3498017439657795 2.340402309380412 2.332352201581938 2.325482911424834 2.319703657474112 2.314988077273848 2.3113605903054597 2.3088786039651 2.3076102106855045
2.2703913218748557 2.261369388409239 2.2592719811793804 2.2631629344576885 2.2719236892103485 2.2843195304184776 2.299075706217326 2.3149561969478873 2.3308381747044256 2.3457761426422516 2.359051738164587 2.3702081616072803 2.37907207264928 2.385770663316679 2.3907548770912026 2.3948151050168196 2.3988482471019266 2.40167802066387 2.4017248825910253 2.4013340068470534 2.401880939771584 2.4041436472512467 2.4084497636477167 2.4147663432329134 2.422777829936692 2.431963743203576 2.44167671469133 2.451217330655138 2.45990015706271 2.467104226134485 2.4723010533571537 2.4750538357671283 2.4749818795158474 2.4716812075740657 2.464575868654241 2.4526130954030485 2.4334957079125994 2.4131260220219453 2.3957844171025067 2.3811925976705752 2.368719119194109 2.3578957113789154 2.3484126750729857 2.3400778436134697 2.3327913674198113 2.32653033454512 2.32133471778148 2.3172896028891987 2.314501991102279 2.313073536299594
2.281100410946613 2.2713217302586273 2.2684455822103744 2.2715103553556064 2.2793647133574537 2.2907369536182047 2.304315702108983 2.318834467102664 2.333152296795694 2.3463232026632674 2.3576485818230624 2.3667093331156193 2.373376828870443 2.377802649692245 2.3803817492446764 2.381661574437983 2.3821164480419754 2.3817250998414816 2.3806490745410986 2.379986081928004 2.3806834313681726 2.3833345577799583 2.388169291466357 2.395094999861662 2.40375675508131 2.413607037059847 2.4239794870480993 2.4341613151784016 2.4434582584086297 2.4512454578451903 2.456997905404853 2.4602956595702845 2.460802132247942 2.458219215835961 2.4522360673389323 2.4425363714436266 2.429143232558348 2.4143822733890365 2.4003298366401045 2.3875724490755053 2.3761073728092126 2.3657860151180503 2.356466251345902 2.3480598954681042 2.340546155894084 2.3339712517434963 2.3284383172402814 2.324088242409135 2.321072845732158 2.3195238959901596
2.2934500431113256 2.282688749610792 2.278756553080317 2.280672019974275 2.2872582109965016 2.2972152532383596 2.309205562085914 2.3219439275373857 2.3342838008080675 2.3452910140744736 2.3542974810618102 2.3609299308653076 2.3651114831356894 2.367035550898333 2.3671108424182274 2.365873579676486 2.3638693097079058 2.3615687648587675 2.3595632929309156 2.3586540583184115 2.3595366894967333 2.3626460170417256 2.3681151111793626 2.3757916958026972 2.3852834486462173 2.3960185585624583 2.4073136006388727 2.4184424245307747 2.428699832405364 2.4374536884905287 2.44417972386913 2.4484754835538087 2.45005435048577 2.4487285571968562 2.4444045782745456 2.4371416466157143 2.427362886995392 2.4162286955649233 2.4048780089702926 2.393916665132403 2.383570387069781 2.3738875728177105 2.364865292357193 2.356515310784984 2.3488953123687546 2.342118511594574 2.3363471102647506 2.3317725970800507 2.3285864371600558 2.3269464960698203
2.3063950968627656 2.2944457897427926 2.2892083859279597 2.2896893117778827 2.294695718915912 2.3029111869461794 2.312985200952435 2.3236282839850673 2.333703190919783 2.3423020358102917 2.348800513035264 2.3528833774905316 2.354539185672718 2.354025880192845 2.3518116198230055 2.3484985152837936 2.344744943538301 2.341219469277636 2.3386200180569654 2.337636956301344 2.3388208782073323 2.342491088652508 2.3487022375559206 2.35725338479917 2.3677238912810856 2.3795255564251967 2.3919637876931232 2.404301935408556 2.4158230516732404 2.425883179467022 2.433950797720622 2.4396290838287364 2.442661796249022 2.4429300382477193 2.4404553777783082 2.4354311089515 2.428291638686867 2.419748412405469 2.410519103742281 2.4011062768471145 2.391797084051873 2.3827434404735075 2.3740410541132437 2.365785885953725 2.3581073651925686 2.351181061618382 2.345223282452839 2.3404705323140615 2.337148361195503 2.3354361544683644
2.3189132420817047 2.3056068758170967 2.298862977746934 2.2976851028267715 2.3008760710877505 2.307116473374306 2.3150578353038993 2.3234219879434463 2.3310961619021784 2.3372124527530396 2.3412017194238968 2.342815645701957 2.3421156420140634 2.339432200449042 2.335302365937256 2.3303961362993473 2.3254452482899914 2.3211879324313234 2.318330425841888 2.3174904824323144 2.319122356502656 2.3234623497835325 2.33050761714282 2.3400242535165 2.351576839213354 2.3645726548591273 2.3783153359875975 2.392063436066004 2.4050891769537617 2.4167321595612834 2.426442814808083 2.433811690131794 2.4385837085155893 2.440660963755176 2.440101785466941 2.4371237488668 2.4321064220182707 2.425558959226167 2.4179988412804776 2.4098458642575573 2.4013993675052796 2.392869098295103 2.3844221258752536 2.3762249190006215 2.3684716376898716 2.361395273741998 2.355261218497448 2.350345387889195 2.3469016982855884 2.3451261106417274
2.3301130985927103 2.3153316410637714 2.3069448013944087 2.30396326139136 2.30519786935935 2.3093403565887747 2.3150593102877273 2.3211026491985662 2.3263953152304926 2.3301197786998498 2.331768573060285 2.331162405218261 2.3284332507226115 2.3239775901272113 2.3183892188166313 2.3123831929015073 2.3067221627429615 2.30215278304942 2.2993517928802367 2.298872941343634 2.301097618120012 2.306201695890702 2.314143943062264 2.3246743738709506 2.3373584276526254 2.3516131263620372 2.3667522078052916 2.3820375096636965 2.3967333151943464 2.410159333153941 2.421737223656824 2.43102590340258 2.437742709614898 2.441770529013753 2.4431537804725747 2.442086209304947 2.4388883968772705 2.433964684522295 2.4277337877032776 2.420569432007438 2.4127790307130264 2.4046154469070866 2.3963051144322223 2.3880777712176946 2.3801878947125448 2.372922119028952 2.3665905267208065 2.3615032214516893 2.357936944170097 2.3560992341498013
2.339328809120729 2.323016721103447 2.3129272613786824 2.3080878571194945 2.307329150106429 2.3093671155821753 2.3129007351331947 2.316716225189492 2.319785861408166 2.3213481566257586 2.3209580097389124 2.3185003725001283 2.314167563823978 2.3084066124607237 2.301847264064021 2.2952227156634692 2.289293691782742 2.284782582725762 2.282319170301219 2.282396153422778 2.285335572358051 2.291269252012967 2.300134014219454 2.311679893997927 2.3254889204309386 2.3410027092293566 2.3575579954263075 2.37442941066542 2.3908779497695214 2.4062019487017725 2.4197857530703253 2.4311404964095313 2.4399321539340257 2.445994207389187 2.449324883499508 2.4500705030640626 2.4484960806786793 2.4449436005193492 2.4397827487936286 2.4333703878402018 2.42603171227202 2.4180630814999957 2.4097483919114766 2.4013789025887426 2.393267706679559 2.3857526645365366 2.3791849704612518 2.373904298329149 2.370205150635417 2.368301950347948
2.346185151263064 2.3283560400703056 2.3165863289517166 2.309928262472159 2.307242043831036 2.3072784430689803 2.308776978502684 2.3105705108709413 2.3116837829126116 2.311412059218034 2.309368131380667 2.3054913951775475 2.300019835626071 2.2934323292579313 2.2863728659016447 2.2795693095664826 2.27375741128904 2.2696169330050706 2.2677224144122405 2.268508144353227 2.2722463482708757 2.2790373547668943 2.2888096264658957 2.3013271712708807 2.3162026144513046 2.332915702382363 2.350838328320246 2.369267499656189 2.387466625479781 2.4047133195167603 2.4203493705383483 2.4338266905451005 2.4447427882976123 2.452860867135238 2.458112408730645 2.460582941948426 2.4604837581314145 2.4581139652391624 2.4538198234995177 2.447961195579865 2.440892496976639 2.4329591333452645 2.4245049736888924 2.4158837121018872 2.4074666874417434 2.3996412527733653 2.392796661890351 2.3872981377049256 2.3834535540787782 2.3814801488957555
2.3506222098606684 2.331359720154906 2.318012249937824 2.3096623703230503 2.305206435538502 2.30343680980126 2.3031394644245 2.3031977179076595 2.3026893242384707 2.300962699175677 2.2976804200906877 2.2928239851254784 2.2866613327383742 2.2796853791585647 2.272535937617371 2.2659181294984334 2.2605282310752273 2.2569939776931998 2.255832057487703 2.257422093700809 2.2619943905350914 2.2696276396350608 2.2802524811656872 2.293657594332763 2.309496861981605 2.3272985322622115 2.346479252993625 2.3663664990095947 2.386231793203638 2.4053344362890514 2.422972060708325 2.4385314489859753 2.451531846912746 2.4616539848027537 2.4687508401236378 2.472839792934471 2.4740791474730117 2.472734500595901 2.4691421474602717 2.4636771884079867 2.4567318935162876 2.4487058561775066 2.4400054691265685 2.4310475333853963 2.4222607983882902 2.4140800047924866 2.4069293903878033 2.40119610913032 2.397197752343915 2.3951511677007957
2.3528763481358985 2.3323292685629964 2.3175781352414404 2.307738098823141 2.301744305683488 2.2984330600248097 2.296638008432037 2.2952921427056943 2.293522666299614 2.2907243564017046 2.286599600606887 2.2811594354301223 2.2746876696310334 2.2676770001365556 2.2607500215959426 2.2545785712149757 2.2498125007172334 2.2470249241214995 2.246676523618491 2.2490976001625325 2.2544837827961643 2.262899818411563 2.2742858007933893 2.2884616732134577 2.305128584594338 2.3238689212906456 2.344149486187836 2.3653333338343434 2.3867046422922904 2.407507888312547 2.426998421911645 2.444497718129359 2.4594444932451553 2.4714332808680557 2.480234788532754 2.485796376355304 2.488225005339048 2.4877580192144673 2.4847287253447203 2.4795337425880004 2.4726073485521765 2.464405080173028 2.455395571664276 2.4460569233382943 2.4368724377794826 2.4283207659708146 2.4208574472363704 2.4148880749288915 2.41073699291788 2.4086184444368595
2.353422405412637 2.331794812510849 2.315872125561822 2.304800805332542 2.2975532241251573 2.293007374996212 2.290041194800126 2.2876323858125556 2.2849507522647254 2.281428678618368 2.2767980784752893 2.2710884859891514 2.264588838604636 2.25778231050771 2.2512674231377385 2.2456790418786596 2.2416203952328804 2.2396131097127356 2.2400676127592454 2.243272011811337 2.2493943250901474 2.258491161541096 2.2705159738275955 2.285321942042931 2.3026579958439015 2.322160503431496 2.3433464730565574 2.365615545780131 2.3882669586059744 2.4105341933994855 2.4316352035153876 2.4508314806318348 2.4674863537253593 2.48111276126274 2.491403256388347 2.498239186229792 2.501680390732095 2.501940190868167 2.4993522842273577 2.4943363529699405 2.487367891362169 2.4789553786433633 2.469625031212886 2.4599106447070795 2.450344221245804 2.4414428113912083 2.4336885446705514 2.427501843238421 2.4232114229355863 2.421027721510643
2.352888075859877 2.3304258900096233 2.3136051154662614 2.3015989151177445 2.2934113728469896 2.2879557058414624 2.2841467001521942 2.280998372714429 2.2777139265562556 2.2737537067767923 2.2688696740320244 2.26310136566461 2.256736230624878 2.250243976812788 2.244198318476493 2.2391997820970997 2.2358106872021346 2.234509219709051 2.2356647528716436 2.239532082402401 2.246258693431311 2.2558971744328793 2.26841493861853 2.283695659546443 2.3015308246960906 2.3216044730498098 2.343478064663232 2.3665842047016112 2.390236882931633 2.413662158369666 2.436047885708577 2.456605809949886 2.4746358509509605 2.489581758948184 2.501069595530879 2.5089247013471625 2.5131674535342223 2.5139918795189504 2.5117333965913975 2.5068325063188506 2.4998004080936678 2.491190519472764 2.481577203103627 2.471540193554086 2.461651091839896 2.4524576384099612 2.4444626904031894 2.4380976626118036 2.4336937560544527 2.4314573629778224
2.3519535007017365 2.3289290503419533 2.311507338154887 2.298880865632473 2.2900766718284533 2.284033332016428 2.2796918740940715 2.276091724351161 2.2724588245015154 2.2682717288327563 2.263294363336901 2.257570633688946 2.251383981385856 2.2451916757153807 2.2395472884567402 2.23502499986661 2.2321568120555995 2.2313895255397953 2.2330635013191094 2.2374105853777295 2.2445648134353346 2.25457734913353 2.2674271479878847 2.283021287530713 2.3011832807011783 2.3216328087695466 2.3439645972418677 2.367636178081537 2.391973250664471 2.4161974409456843 2.4394755775060513 2.4609838921110687 2.4799766010710136 2.495847318980518 2.5081738178686375 2.516740821515929 2.521540300564239 2.5227527464995263 2.520715418392117 2.51588446194395 2.508797281829561 2.500039842882464 2.490220994971646 2.479953019360382 2.4698352291275207 2.4604365107854895 2.4522736710576747 2.445785154789595 2.4413032387413445 2.439030901197289
2.3512473024579164 2.327943549297865 2.310224945247886 2.2972940870358256 2.2881899988985164 2.2818644542534874 2.2772720461183926 2.273465182526797 2.2696812018418013 2.2654074847004697 2.260413340721305 2.2547439703053818 2.2486797018732574 2.2426703527552565 2.237258173242062 2.2330030029585766 2.2304206867693535 2.2299415718675735 2.2318910420959908 2.236489322605958 2.2438639226736536 2.2540658352434324 2.2670806443372613 2.282828240988203 2.3011494204087697 2.3217829888522057 2.3443415050154224 2.368295926511412 2.3929784164335577 2.417608560257015 2.4413423873677402 2.4633376573242134 2.4828246896735418 2.4991708172726783 2.5119284822641097 2.5208611402279697 2.5259459742880916 2.5273565664143685 2.5254313696208035 2.5206349328296795 2.5135185039265098 2.5046850696591942 2.4947613553378165 2.4843763517968545 2.4741434389115833 2.4646420747930424 2.4563958710609315 2.4498465089473402 2.4453264788889046 2.4430367404314275
