1.8656656538797487
0.0 2.471742049962168 2.4396679064565894 2.4110088008900896 2.3864449941363945 2.366158351944589 2.3501236376305217 2.3382252557806757 2.330334642113627 2.326418781614248
2.490509648928434 2.45109274373816 2.417553553179753 2.388719533157101 2.364405523607476 2.344502864322795 2.328861330447529 2.317272875390069 2.3094822884007744 2.305567125239025
2.476532338038737 2.438284587147234 2.4039676034958513 2.374704719177954 2.3503491749584757 2.330621864324157 2.3152632943119915 2.3039581765777566 2.2959380012979462 2.2917564925813307
2.481156647890185 2.4348398403797735 2.3981485382650347 2.3681500445428845 2.343622190613175 2.323968339984068 2.308894661650557 2.298373003002527 2.289338529793318 2.284314124287944
2.512032939264506 0.0 0.0 0.0 0.0 0.0 0.0 2.3019648828414283 2.2892267507110517 2.2820880164623394
2.5218652529383334 0.0 0.0 0.0 0.0 0.0 0.0 0.0 2.293925127427874 2.282772659822204
2.511228233452469 0.0 0.0 0.0 0.0 0.0 0.0 0.0 2.2940112874919163 2.28226826197786
2.480986523030696 2.452276368709674 2.4253460297944107 2.4001901701618182 2.3767039657048468 2.354696844305831 2.333797554810872 2.313135248875987 2.290361258398098 2.279854362042061
2.4610813930648234 2.432542004921518 2.4060730281278984 2.3814661156103054 2.3585905377205574 2.337352021162059 2.3177096360506777 2.299801408610146 2.2845465752478513 2.27649786189287
2.4513113396483837 2.422952589065595 2.3967062942492965 2.3723745706760075 2.349839699500229 2.3290823833482537 2.3102559987335116 2.293873141399539 2.2811610736930303 2.2743418977671803
