2.7504836804879784
0.0 3.3611323060904557 3.3933665554291013 3.4228596625164864 3.448730859796113 3.4705870611526746 3.4882585249764397 3.501680384583608 3.510796416436934 3.5154281533932457
3.342861627618961 3.382076716425769 3.4164389795453336 3.446766399495238 3.4729791608141563 3.4949582282737257 3.5126577428102306 3.5261112150290734 3.53539373066198 3.5401756975728413
3.356802465430394 3.395402803162016 3.4310057671730716 3.4621970882455653 3.488841393537297 3.5109818277728686 3.528687206030093 3.542121028938199 3.551927972235327 3.5571704381705
3.35250189588128 3.39926310373645 3.43745818033951 3.4696051456952426 3.496618633631136 3.5188558752117474 3.53642706253647 3.5492318370162868 3.560536257372588 3.5669531860700783
3.3217638741343936 0.0 0.0 0.0 0.0 0.0 0.0 3.5453849949695213 3.561608129244523 3.570773509208194
3.3113274686114282 0.0 0.0 0.0 0.0 0.0 0.0 0.0 3.5573513578240177 3.5714370993774955
3.3212638359331472 0.0 0.0 0.0 0.0 0.0 0.0 0.0 3.559064003461337 3.5738965284597795
3.3516347312674215 3.3816900202590285 3.410718952420044 3.438493480723168 3.464962671150865 3.4902052983060554 3.5145356062670214 3.538884493170115 3.5659819933712047 3.578930735547054
3.372425787784861 3.403170413959426 3.4323934837378243 3.460172257942065 3.486503794121121 3.511361762668849 3.5346779809752644 3.5561927616515736 3.574726671151712 3.5847037372668935
3.3829246457033832 3.4138617895868064 3.443175034578725 3.4709437591695305 3.4971558571890506 3.5216985880396896 3.544272735678841 3.5641632724592527 3.5797877353509397 3.5882986052678496
