1.1154694672874605
0.0 2.3374909679325353 2.3417973250565587 2.3492996669042756 2.3591314707460107 2.3704445443913595 2.382397239294118 2.394201026657998 2.405174935307253 2.4147873453719115 2.422675421918499 2.4286381024911803 2.4326031680363513 2.4345746113005897 0.0 0.0 0.0 0.0 0.0 0.0 0.0 0.0 0.0 0.0 0.0 0.0 0.0 0.0 0.0 0.0 0.0 0.0 0.0 0.0 0.0 0.0 2.182906066241751 2.18290618240571 2.182906346686355 2.182906462850313
2.335815107929775 2.3381758969630155 2.3431526272113006 2.350755221604281 2.360439383341609 2.3714641030366814 2.3830329278241393 2.3943844312909155 2.404861124986316 2.4139574676875593 2.421343117166427 2.426858311481176 2.4304802246753505 2.432262934801684 0.0 0.0 0.0 0.0 0.0 0.0 0.0 0.0 0.0 0.0 0.0 0.0 0.0 0.0 0.0 0.0 0.0 0.0 0.0 0.0 0.0 0.0 2.1835677966471803 2.1835679111963193 2.183568073193258 2.1835681877423863
2.3385144391037276 2.3410914968231875 2.3462229498161062 2.353689343736282 2.362979319103365 2.37340351151176 2.3842077721525823 2.394667753748157 2.404164333617275 2.412237733085176 2.4186172486510786 2.423223063874752 2.4261349038053432 2.427520089391279 0.0 0.0 0.0 0.0 0.0 0.0 0.0 0.0 0.0 0.0 0.0 0.0 0.0 0.0 0.0 0.0 0.0 0.0 0.0 0.0 0.0 0.0 2.1847733288624087 2.1847734407905692 2.1847735990808594 2.184773711008973
2.343340642191327 2.345893776918302 2.350863566962166 2.3579248737953202 2.3665480135143837 2.376062234057753 2.385744356886741 2.3949066920587083 2.4029731788674553 2.409538368130239 2.41440646987545 2.41760756135696 2.4193817440858814 2.420104460012909 0.0 0.0 0.0 0.0 0.0 0.0 0.0 0.0 0.0 0.0 0.0 0.0 0.0 0.0 0.0 0.0 0.0 0.0 0.0 0.0 0.0 0.0 2.1863066905190824 2.186306800199014 2.1863069553097305 2.186307064989478
2.3497065361516567 2.352097489392841 2.35669466808515 2.3631228802795223 2.370834824283495 2.3791678448964757 2.3874216775050865 2.394939966341277 2.4011845980726876 2.405797866915099 2.408652780642026 2.4098951408277496 2.409975301627047 2.4096280483451125 0.0 0.0 0.0 0.0 0.0 0.0 0.0 0.0 0.0 0.0 0.0 0.0 0.0 0.0 0.0 0.0 0.0 0.0 0.0 0.0 0.0 0.0 2.187889889943068 2.1878900003149986 2.187890156403998 2.1878902667752493
2.357007474264791 2.359152281754105 2.363237061515648 2.368864787581234 2.3754803563743603 2.3824287876779677 2.3890282691150215 2.3946461378574506 2.398768832633849 2.401062585777812 2.4014301225349186 2.4000820082740857 2.397660940756409 2.3954554763042357 0.0 0.0 0.0 0.0 0.0 0.0 0.0 0.0 0.0 0.0 0.0 0.0 0.0 0.0 0.0 0.0 0.0 0.0 0.0 0.0 0.0 0.0 2.1892285102488755 2.189228628921594 2.1892287967483948 2.189228915418621
2.3646680253590544 2.366518849301087 2.3700089923023997 2.3747355242782326 2.3801452474725155 2.3855941876006765 2.3904172958491836 2.3939983374615905 2.395831683144994 2.39557233498448 2.3930791578655124 2.3884773663707475 2.382338205206116 2.3763708651408777 0.0 0.0 0.0 0.0 0.0 0.0 0.0 0.0 0.0 0.0 0.0 0.0 0.0 0.0 0.0 0.0 0.0 0.0 0.0 0.0 0.0 0.0 2.190059038182929 2.1900591814397643 2.190059384029056 2.190059527276771
2.372200345313086 2.3737378235931623 2.376601937435458 2.380393903671124 2.384570715968666 2.3885043196828697 2.3915476814530874 2.3930979037895246 2.392647271435622 2.38981460167198 2.3843486694960725 2.3760846368688515 2.3647810510175002 2.3495215789810038 2.3262151535359914 0.0 0.0 0.0 0.0 0.0 0.0 0.0 0.0 0.0 0.0 0.0 0.0 0.0 0.0 0.0 0.0 0.0 0.0 0.0 0.0 0.0 2.190190567383243 2.1901907680965214 2.1901910519242622 2.1901912526041656
2.379252482962823 2.380481362012977 2.382733500406951 2.3856212565990145 2.388618823942749 2.391119768488834 2.3924992671152605 2.3921712036281213 2.3896307375771486 2.3844734130371537 2.3763796211025707 2.3650429564149924 2.349992703053592 2.3302070221244415 2.303435793770262 2.266276092571297 2.2353561938065303 2.2089396200565994 2.1866398099648623 2.168499638126069 2.1546836119008943 2.1453628949272248 2.1406679388926304 0.0 0.0 0.0 0.0 0.0 0.0 0.0 0.0 0.0 0.0 0.0 0.0 0.0 2.1895354271368617 2.1895357506394895 2.189536208054368 2.1895365314347925
2.3856336647979477 2.38657900913503 2.388272377715308 2.3903423463961513 2.392286029085897 2.3935241633637583 2.393459692064422 2.3915304998988423 2.3872478787071447 2.3802136875906017 2.370110047606699 2.3566557798747563 2.3395290428888216 2.318292520144622 2.2925231337959615 2.2628872003959564 2.234714746795348 2.20944031581537 2.1876558838595086 2.1697521392763885 2.156038939069201 2.1467575876588465 2.1420744585719986 0.0 0.0 0.0 0.0 0.0 0.0 0.0 0.0 0.0 0.0 0.0 0.0 0.0 2.188125979776618 2.1881265558944065 2.188127370328625 2.1881279459985232
2.391310591655017 2.3920137228873957 2.3932330194568374 2.3946167723877485 2.395689132873434 2.395902214234491 2.3946912058617427 2.391524093843006 2.3859391368318756 2.377565787642406 2.366128073423928 2.3514347148984696 2.333372109540053 2.311945513773582 2.2874715608718583 2.261057492184312 2.235081165341179 2.2110629933607115 2.1899444211632173 2.172365540937267 2.1587911123595585 2.1495569916424877 2.144884658109309 0.0 0.0 0.0 0.0 0.0 0.0 0.0 0.0 0.0 0.0 0.0 0.0 0.0 2.1861175128279706 2.186118600780243 2.186120138201081 2.1861212245097312
2.3963752528414934 2.39688937375432 2.3977421912998804 2.398603685239419 2.3990272161733612 2.3984981714082343 2.3964855186011804 2.3924889606691067 2.386076365046818 2.376909207523427 2.364757654044958 2.349511956207332 2.3312041604783422 2.3100638007823733 2.286633774718093 2.261925491308515 2.237402813008672 2.2143539820619704 2.193784795476963 2.176465471805751 2.1629804240212764 2.153756291097256 2.149074222998372 0.0 0.0 0.0 0.0 0.0 0.0 0.0 0.0 0.0 0.0 0.0 0.0 0.0 2.183779138557681 2.1837812590023686 2.1837842534214778 2.183786367826106
2.4009904230039165 2.401376190789022 2.4019842491414285 2.4025067767306973 2.402526474543314 2.4015612535746915 2.3991118271549388 2.3947059776132775 2.387935388873082 2.3784839685667545 2.366149978062065 2.3508676159645363 2.332736328876759 2.3120658427405774 2.289435048983979 2.2657310309178516 2.2420814210696194 2.2196164671001317 2.199344267797742 2.182111062920218 2.1685937110741893 2.1592997996180334 2.1545680569789916 0.0 0.0 0.0 0.0 0.0 0.0 0.0 0.0 0.0 0.0 0.0 0.0 0.0 2.181475504296339 2.1814797095292433 2.181485640537094 2.1814898235409066
2.4053231451992856 2.40564450049462 2.4061354216986963 2.4065095306882704 2.406377204456053 2.405285798553374 2.4027627119725152 2.398356054313336 2.391669747801012 2.382392640193221 2.3703239106670346 2.3553989880196 2.337720426922382 2.3175950454358967 2.295569504770103 2.272440325195792 2.2492016457014983 2.2269217722689567 2.2066304665757306 2.1892438580673566 2.175521936717797 2.166046512925118 2.161210062272281 0.0 0.0 0.0 0.0 0.0 0.0 0.0 0.0 0.0 0.0 0.0 0.0 0.0 2.179641889625503 2.179650321008279 2.179662184924251 2.1796705343774176
2.4094785632875997 2.409799028973904 2.410299109419646 2.410712194326181 2.4106734125684093 2.4097549558473745 2.407504060911388 2.403479315116344 2.3972828754816753 2.3885886006888635 2.377168281115447 2.362919431440396 2.345897774742549 2.326354651446547 2.304772956177356 2.281884776656856 2.2586450037615093 2.236143672160758 2.215480767523439 2.19766176052109 2.1835324900330106 2.1737448252624034 2.168739867426433 0.0 0.0 0.0 0.0 0.0 0.0 0.0 0.0 0.0 0.0 0.0 0.0 0.0 2.1787542425523623 2.1787712940913013 2.178795184781973 2.178811933935039
2.413446268635746 2.4138257974408845 2.41445391840619 2.4150816336034806 2.4153653352202715 2.4148969395692355 2.413236382412258 2.4099429619884782 2.404603740649652 2.396859294987799 2.386428948235053 2.3731387964632753 2.356956111769103 2.338032738129206 2.3167566370477064 2.2938012995764177 2.2701420929695177 2.246982580119396 2.225562405853619 2.2070080732904542 2.1922559338643994 2.182020427991898 2.176782005200833 0.0 0.0 0.0 0.0 0.0 0.0 0.0 0.0 0.0 0.0 0.0 0.0 0.0 2.1792943876248376 2.1793291774348553 2.1793775355226725 2.179411207916616
2.4170690715446486 2.417561408503575 2.418423983057666 2.419423226390256 2.420233448476997 2.420461693049834 2.419674588489324 2.4174244201458426 2.413273111837221 2.406814493027949 2.39769670978485 2.385647840002362 2.3705092249354025 2.352283722006784 2.3312098273311506 2.307869918103736 2.2833034892845734 2.25897724711008 2.2363728239617395 2.2167697010516454 2.20118659178087 2.1903799731019373 2.1848514416385214 0.0 0.0 0.0 0.0 0.0 0.0 0.0 0.0 0.0 0.0 0.0 0.0 0.0 2.181709425948549 2.181781186902324 2.181879479186156 2.1819471067495284
2.4200402677633823 2.4206907376660016 2.421877478118388 2.423380524411644 2.4248894894404738 2.4260232770576646 2.4263514371732846 2.4254150597887203 2.422746229188122 2.4178862014146065 2.4104032613014383 2.3999118383520144 2.386096349090511 2.3687501926951313 2.3478590514370765 2.323789991195127 2.2976418544724955 2.2714970994363757 2.2472325287819204 2.2262815068291175 2.209697650163209 2.1982329143570003 2.1923784297624787 0.0 0.0 0.0 0.0 0.0 0.0 0.0 0.0 0.0 0.0 0.0 0.0 0.0 2.186363139266622 2.186513468826995 2.186713842344844 2.1868488708143805
2.4219306665100317 2.4227743065138703 2.4243546248055967 2.426464054078557 2.4288059947332012 2.431009739004812 2.432646797530468 2.4332471875486075 2.4323149876139656 2.4293429020942723 2.4238251722356083 2.4152667666969947 2.4031856119662254 2.387109538257497 2.366601244190554 2.3414620641730934 2.312559608768682 2.283685322281568 2.257259970381235 2.2347375652383104 2.2170742963466776 2.204934488757159 2.1987548220296897 0.0 0.0 0.0 0.0 0.0 0.0 0.0 0.0 0.0 0.0 0.0 0.0 0.0 2.1934747009166764 2.1937971656486313 2.194205824536267 2.1944716211576796
2.422241585750475 2.4233016065180473 2.42532160098632 2.4281059166295638 2.431371427138622 2.434758170419711 2.437841360575537 2.440144082447591 2.4411504283391285 2.4403186597197486 2.4370922742552343 2.4309023040835287 2.4211446032476975 2.40709884782431 2.387741058046114 2.3615074693748994 2.327151869278605 2.294278090850903 2.265324117102931 2.241222267782821 2.22257438371674 2.209853403896082 2.2034021224270686 0.0 0.0 0.0 0.0 0.0 0.0 0.0 0.0 0.0 0.0 0.0 0.0 0.0 2.2030317788563685 2.2037498540960683 2.2045789661066895 2.2050871327884165
2.4204754740517997 2.421762120176683 2.424242294918045 2.4277324652787793 2.431963721690748 2.436588663875015 2.441189871201923 2.4452901732593855 2.448365325360863 2.4498594215550638 2.4492015412382364 2.4458168349585545 2.439110667054478 2.4283577776279874 2.4122509213146186 2.3870985337212627 2.3391014972862205 2.301191429686749 2.270030654911144 2.2448070209660087 2.225534382191848 2.2124658320015373 2.205856637139552 0.0 0.0 0.0 0.0 0.0 0.0 0.0 0.0 0.0 0.0 0.0 0.0 0.0 2.21463699868075 2.2163319793900467 2.2179819482995042 2.218899466352976
2.4162125772074283 2.417722531907485 2.4206565596089296 2.4248440097150126 2.430031698714473 2.4358874635489998 2.4420056588707735 2.4479158242640793 2.453096288332393 2.456994686675157 2.4590571649943316 2.458768143419335 2.4557067817451053 2.449651930371203 2.440894030059418 2.4315262066145045 0.0 0.0 0.0 0.0 0.0 0.0 0.0 0.0 0.0 0.0 0.0 0.0 0.0 0.0 0.0 0.0 0.0 0.0 0.0 0.0 2.2271487703193724 2.2315040178163903 2.234602441623662 2.2360790494355323
2.4091808171122655 2.4108973224877035 2.4142522219881943 2.4190889158974667 2.4251719216679106 2.432187294501695 2.4397453186314872 2.4473876318352796 2.454601590001297 2.460845163582545 2.465586209813522 2.4683617076908675 2.4688687410778227 2.46711728642842 2.4637161435522104 2.4603941317620985 0.0 0.0 0.0 0.0 0.0 0.0 0.0 0.0 0.0 0.0 0.0 0.0 0.0 0.0 0.0 0.0 0.0 0.0 0.0 0.0 2.2376180309972202 2.250104566253414 2.2549052109806533 2.256738531325967
2.3993071648199917 2.4012009888305013 2.4049190034364734 2.4103201144407307 2.417188784123596 2.4252322872517587 2.4340803689535004 2.4432902015320126 2.4523601000730166 2.460755741649158 2.4679526965624885 2.4734992632377537 2.477104344043036 2.4787552379565434 2.478859275021199 2.478335825672091 0.0 0.0 0.0 0.0 0.0 0.0 0.0 0.0 0.0 0.0 0.0 0.0 0.0 0.0 0.0 0.0 0.0 0.0 0.0 0.0 0.0 2.278002122504326 2.279608568354352 2.2805901250020075
2.3867421388020538 2.3887734204465945 2.392775669144922 2.398624968788109 2.4061281711059754 2.4150167948893055 2.4249431938831156 2.4354824201556178 2.446143559657119 2.4563941579467303 2.465700540980138 2.4735851844259247 2.4796991881578774 2.483901184703136 2.486317572584651 2.4873221208606635 0.0 0.0 0.0 0.0 0.0 0.0 0.0 0.0 0.0 0.0 0.0 0.0 0.0 0.0 0.0 0.0 0.0 0.0 0.0 0.0 0.0 2.304964248141596 2.305536497995883 2.305976972633709
2.3718539480356347 2.373974823203092 2.3781665242685457 2.3843241681376153 2.392279648458248 2.401791926169499 2.412539214517166 2.4241168848999464 2.436045035183937 2.4477890848503976 2.4587952908576742 2.46854046873851 2.4765910188729916 2.4826597687482845 2.4866392494170277 2.4885790151627334 0.0 0.0 0.0 0.0 0.0 0.0 0.0 0.0 0.0 0.0 0.0 0.0 0.0 0.0 0.0 0.0 0.0 0.0 0.0 0.0 0.0 2.33110485887342 2.3313171216755952 2.3315015580118206
2.3551941240483028 2.3573519154764466 2.3616287368974955 2.367940738708912 2.3761477216443576 2.386039591972 2.397324167093885 2.4096205075673254 2.422461879199277 2.43531159239265 2.447593183095351 2.4587335919192927 2.46821413511671 2.4756193238114896 2.48066896135228 2.483217834566051 0.0 0.0 0.0 0.0 0.0 0.0 0.0 0.0 0.0 0.0 0.0 0.0 0.0 0.0 0.0 0.0 0.0 0.0 0.0 0.0 0.0 2.3559647040402085 2.3560444736467794 2.3561183632336773
2.3374410692646044 2.339581747234411 2.3438366863501137 2.3501451510844515 2.358397874001673 2.368419525966345 2.379951899778273 2.3926423307380045 2.40604167715076 2.419615177123074 2.432767642273003 2.444881810192009 2.4553654912867606 2.4636999389509096 2.4694797157482404 2.4724351810228686 0.0 0.0 0.0 0.0 0.0 0.0 0.0 0.0 0.0 0.0 0.0 0.0 0.0 0.0 0.0 0.0 0.0 0.0 0.0 0.0 0.0 2.379044952155273 2.3790726294380202 2.3790990814364323
2.319330907287371 2.3214025083120022 2.3255326705962585 2.3316858285543485 2.3397867016995226 2.349698731012457 2.361202560703938 2.373979446038233 2.3876041770846297 2.401551020486351 2.4152143535888855 2.4279432918005908 2.4390870550013974 2.448045623368605 2.454319048881745 2.457549148659656 0.0 0.0 0.0 0.0 0.0 0.0 0.0 0.0 0.0 0.0 0.0 0.0 0.0 0.0 0.0 0.0 0.0 0.0 0.0 0.0 0.0 2.400023830442122 2.4000262569343027 2.400028517047238
2.3015859950502118 2.3035417205778863 2.307454443356463 2.3133156590953816 2.3210869656198794 2.330674525789469 2.3419029218823493 2.354493638757634 2.3680530373785964 2.382073515792632 2.395949747012962 2.4090097323873016 2.420558378694586 2.4299299503165797 2.4365454084150575 2.439970763009429 0.0 0.0 0.0 0.0 0.0 0.0 0.0 0.0 0.0 0.0 0.0 0.0 0.0 0.0 0.0 0.0 0.0 0.0 0.0 0.0 0.0 2.4188498517027064 2.4188290761193336 2.418808708606322
2.2848506211339243 2.286651410143814 2.2902693244724497 2.2957244855197074 2.3030178613567207 2.3121019290280125 2.3228501255701413 2.335030666507089 2.348289827337925 2.3621484934888564 2.376013902143748 2.3892064201099643 2.400999540363709 2.410670846447352 2.4175631489514027 2.421157496609447 0.0 0.0 0.0 0.0 0.0 0.0 0.0 0.0 0.0 0.0 0.0 0.0 0.0 0.0 0.0 0.0 0.0 0.0 0.0 0.0 0.0 2.435771183585932 2.435706592024198 2.435644194143976
2.2696412974434628 2.2712577529519855 2.2745225500608504 2.2794855015238826 2.286188782744079 2.294634079564853 2.304748011912071 2.3163517343704876 2.3291399890507907 2.3426733902503947 2.3563855966070886 2.3696047116770256 2.381586514855415 2.391557337181732 2.398768862862198 2.402578184501601 0.0 0.0 0.0 0.0 0.0 0.0 0.0 0.0 0.0 0.0 0.0 0.0 0.0 0.0 0.0 0.0 0.0 0.0 0.0 0.0 0.0 2.4513287012292477 2.451155798841487 2.450993380871928
2.2563162870885343 2.2577299162498736 2.260604743724483 2.265020670604824 2.2710620017218077 2.278781472587154 2.2881621729275996 2.299083586973219 2.3112971816030665 2.324415205102288 2.337913810139316 2.351148603780221 2.363377864001588 2.37378754196978 2.3815176538533227 2.3857156289099746 0.0 0.0 0.0 0.0 0.0 0.0 0.0 0.0 0.0 0.0 0.0 0.0 0.0 0.0 0.0 0.0 0.0 0.0 0.0 0.0 0.0 2.466341485478072 2.4658830301782437 2.4654744706997658
2.245066140061789 2.2462699274284694 2.248740459738792 2.252587296718288 2.2579366267840655 2.2648926542770482 2.2734966781873536 2.283690430751363 2.2952893164444665 2.307969171842415 2.321267156587096 2.3345933775137824 2.3472445516886444 2.3584039223529154 2.367104464743865 2.3721468287996856 0.0 0.0 0.0 0.0 0.0 0.0 0.0 0.0 0.0 0.0 0.0 0.0 0.0 0.0 0.0 0.0 0.0 0.0 0.0 0.0 0.0 2.4819399766042096 2.4807029402533685 2.4797035107954493
2.235924387964539 2.236922757373215 2.2389970581057 2.2422851187902197 2.2469533697688746 2.2531561196293906 2.2609925100355186 2.2704681218228098 2.2814672201382034 2.2937395177893127 2.3069021911859693 2.320453486297339 2.3337872802856845 2.3461832691402194 2.3567057293717606 2.3637989930314567 0.0 0.0 0.0 0.0 0.0 0.0 0.0 0.0 0.0 0.0 0.0 0.0 0.0 0.0 0.0 0.0 0.0 0.0 0.0 0.0 0.0 2.4997879735702484 2.4963346695800057 2.494013990287766
2.228795368902672 2.229603604632396 2.231310930021181 2.234081002421785 2.2381172853308375 2.243620736856663 2.2507453298044062 2.2595588267278846 2.270015287452793 2.281943813071259 2.2950553273333623 2.308966084761518 2.3232333701864376 2.3373959129796207 2.351010689991501 2.3636909843606992 2.3752523939862837 0.0 0.0 0.0 0.0 0.0 0.0 0.0 0.0 0.0 0.0 0.0 0.0 0.0 0.0 0.0 0.0 0.0 0.0 0.0 2.5416067524767634 2.522923443545151 2.512754766687184 2.507991159157528
2.2234945010563436 2.2241377007050325 2.225526398812118 2.2278465655675195 2.231333850341376 2.2362301469668346 2.242738240846632 2.2509823976263803 2.2609818802120674 2.2726425947849007 2.2857698818106096 2.300103742333609 2.3153783035882136 2.3314148495915097 2.348287278800586 2.366701756961076 2.389092110329128 2.4232173444062117 2.458175103325167 2.494551041453154 2.5320554746665125 2.5699402732422145 2.6071445292192688 2.642382881336345 2.674238950382626 2.701279666916422 2.7221875214174585 2.7358978806961427 2.741723098485016 2.739443627456463 2.7293486988433107 2.7122144993245625 2.6892134884567187 2.661748846358404 2.6311897497782737 2.5984067441934635 2.5627292542572127 2.5400242253315466 2.526446761671829 2.5200109448169403
2.219795247899292 2.220306875943287 2.221441527350409 2.2234029528261408 2.226452570180785 2.230865285775871 2.236883658729373 2.24467861914517 2.2543241109466976 2.2657912915760416 2.278965805203466 2.2936898983448395 2.309830905224516 2.327380687967477 2.3465987667515256 2.3682185368025355 2.3936725359603597 2.424738641758603 2.4587335110511854 2.49477311170615 2.5321489025333834 2.5699809980359105 2.6071626689278733 2.642391151076063 2.674243028069338 2.701282349057884 2.722190617177506 2.735903373862951 2.741734403642829 2.739467797513585 2.729401150132445 2.712329868084266 2.6894718894420984 2.662343657573777 2.632618418813291 2.6020656405399047 2.572969457698916 2.5508037258581067 2.5362566371036905 2.5290822258903205
2.217476561515333 2.217896670411212 2.2188546072193196 2.220566506002067 2.223311789778852 2.2273885449587945 2.2330674417064396 2.240552641294284 2.249957272573744 2.261299236055671 2.274520705957937 2.2895321294219877 2.306278921327164 2.32482578511418 2.345446446205739 2.3686845939578234 2.3952853689777323 2.42574576347053 2.4592471787723413 2.4950190681141677 2.5322639035084333 2.5700342149596374 2.6071871891087106 2.642402549564399 2.674248715846231 2.701286118711344 2.722194979567306 2.7359111026312597 2.741750245881804 2.739501423884984 2.729473190582159 2.712484729079524 2.689804790036876 2.663055617276296 2.6341174161957013 2.605095771926384 2.578435672868096 2.557066075236939 2.542408525987117 2.534997552954227
2.216364780269448 2.216737969059953 2.2176053084757923 2.219189289706606 2.22177859646981 2.225683270418534 2.231188530681778 2.2385157974623686 2.2477985825563342 2.2590789934691786 2.2723279555977185 2.2874890342506458 2.304541611400894 2.3235728407269516 2.3448363813964663 2.368755481192429 2.3958012059518135 2.426185646982031 2.459517638788792 2.4951643859538133 2.532336846553687 2.5700694642531094 2.6072038627821352 2.64241042588654 2.674252686917979 2.701288768687913 2.7221980536594876 2.7359165412886255 2.741761353751532 2.739524854453063 2.7295228602142965 2.712589629025384 2.690023806154895 2.663502406503199 2.634990594098289 2.606673851385834 2.5808971471239484 2.559950319803379 2.5453484585735273 2.537886847339593
0.0 0.0 0.0 0.0 0.0 0.0 0.0 0.0 0.0 0.0 0.0 0.0 0.0 0.0 0.0 0.0 0.0 0.0 0.0 0.0 0.0 0.0 0.0 0.0 0.0 0.0 0.0 0.0 0.0 0.0 0.0 0.0 0.0 0.0 0.0 0.0 0.0 0.0 0.0 0.0
0.0 0.0 0.0 0.0 0.0 0.0 0.0 0.0 0.0 0.0 0.0 0.0 0.0 0.0 0.0 0.0 0.0 0.0 0.0 0.0 0.0 0.0 0.0 0.0 0.0 0.0 0.0 0.0 0.0 0.0 0.0 0.0 0.0 0.0 0.0 0.0 0.0 0.0 0.0 0.0
0.0 0.0 0.0 0.0 0.0 0.0 0.0 0.0 0.0 0.0 0.0 0.0 0.0 0.0 0.0 0.0 0.0 0.0 0.0 0.0 0.0 0.0 0.0 0.0 0.0 0.0 0.0 0.0 0.0 0.0 0.0 0.0 0.0 0.0 0.0 0.0 0.0 0.0 0.0 0.0
0.0 0.0 0.0 0.0 0.0 0.0 0.0 0.0 0.0 0.0 0.0 0.0 0.0 0.0 0.0 0.0 0.0 0.0 0.0 0.0 0.0 0.0 0.0 0.0 0.0 0.0 0.0 0.0 0.0 0.0 0.0 0.0 0.0 0.0 0.0 0.0 0.0 0.0 0.0 0.0
0.0 0.0 0.0 0.0 0.0 0.0 0.0 0.0 0.0 0.0 0.0 0.0 0.0 0.0 0.0 0.0 0.0 0.0 0.0 0.0 0.0 0.0 0.0 0.0 0.0 0.0 0.0 0.0 0.0 0.0 0.0 0.0 0.0 0.0 0.0 0.0 0.0 0.0 0.0 0.0
0.0 0.0 0.0 0.0 0.0 0.0 0.0 0.0 0.0 0.0 0.0 0.0 0.0 0.0 0.0 0.0 0.0 0.0 0.0 0.0 0.0 0.0 0.0 0.0 0.0 0.0 0.0 0.0 0.0 0.0 0.0 0.0 0.0 0.0 0.0 0.0 0.0 0.0 0.0 0.0
0.0 0.0 0.0 0.0 0.0 0.0 0.0 0.0 0.0 0.0 0.0 0.0 0.0 0.0 0.0 0.0 0.0 0.0 0.0 0.0 0.0 0.0 0.0 0.0 0.0 0.0 0.0 0.0 0.0 0.0 0.0 0.0 0.0 0.0 0.0 0.0 0.0 0.0 0.0 0.0
0.0 0.0 0.0 0.0 0.0 0.0 0.0 0.0 0.0 0.0 0.0 0.0 0.0 0.0 0.0 0.0 0.0 0.0 0.0 0.0 0.0 0.0 0.0 0.0 0.0 0.0 0.0 0.0 0.0 0.0 0.0 0.0 0.0 0.0 0.0 0.0 0.0 0.0 0.0 0.0
0.0 0.0 0.0 0.0 0.0 0.0 0.0 0.0 0.0 0.0 0.0 0.0 0.0 0.0 0.0 0.0 0.0 0.0 0.0 0.0 0.0 0.0 0.0 0.0 0.0 0.0 0.0 0.0 0.0 0.0 0.0 0.0 0.0 0.0 0.0 0.0 0.0 0.0 0.0 0.0
0.0 0.0 0.0 0.0 0.0 0.0 0.0 0.0 0.0 0.0 0.0 0.0 0.0 0.0 0.0 0.0 0.0 0.0 0.0 0.0 0.0 0.0 0.0 0.0 0.0 0.0 0.0 0.0 0.0 0.0 0.0 0.0 0.0 0.0 0.0 0.0 0.0 0.0 0.0 0.0
