1.492748241112156
0.0 3.2270884350797595 3.2229264407739087 3.214589742626778 3.2026850283301584 3.1881358808050133 3.172049438890597 3.1555926615523027 3.1398653948264816 3.1257917622246554 3.1140524787056716 3.1050700866480114 3.099045948652068 3.096035460933817 0.0 0.0 0.0 0.0 0.0 0.0 0.0 0.0 0.0 0.0 0.0 0.0 0.0 0.0 0.0 0.0 0.0 0.0 0.0 0.0 0.0 0.0 3.1987134125019847 3.1986850839258776 3.19864502137207 3.1986166929412385
3.21535913115776 3.217241661313577 3.213586464813771 3.2057049353697162 3.1944601913577455 3.180795036956639 3.165780776890243 3.1505325021823047 3.1360893325754615 3.123305732956656 3.11278214228722 3.104849301078453 3.0996086616016307 3.0970210199420145 0.0 0.0 0.0 0.0 0.0 0.0 0.0 0.0 0.0 0.0 0.0 0.0 0.0 0.0 0.0 0.0 0.0 0.0 0.0 0.0 0.0 0.0 3.1995787258026915 3.1995514918689474 3.1995129773666333 3.1994857435688573
3.2015314505294747 3.2005623402979246 3.1964932158686077 3.1892058400831487 3.1791841001818995 3.167216699038382 3.1542668054203964 3.1413451276253728 3.1293778958537777 3.1190919617311588 3.1109394097014347 3.1050760003376245 3.101401789847276 3.099671379187503 0.0 0.0 0.0 0.0 0.0 0.0 0.0 0.0 0.0 0.0 0.0 0.0 0.0 0.0 0.0 0.0 0.0 0.0 0.0 0.0 0.0 0.0 3.2013985050047253 3.2013733318236564 3.2013377316539793 3.201312558592268
3.1788879551479674 3.1772598790842386 3.1733810312352 3.167157554079658 3.1589433350093574 3.149399523222082 3.139364772279421 3.129718991086625 3.1212453563677114 3.114509401900851 3.109773232116164 3.1069564639366085 3.105657171580715 3.1052694647593784 0.0 0.0 0.0 0.0 0.0 0.0 0.0 0.0 0.0 0.0 0.0 0.0 0.0 0.0 0.0 0.0 0.0 0.0 0.0 0.0 0.0 0.0 3.2043391341126206 3.2043167466163665 3.2042850859854926 3.2042626985881713
3.1515285840388048 3.1500608032224955 3.146974709484977 3.1423230859181364 3.1364410150959556 3.1299045128163687 3.123436323474608 3.1177822697772357 3.1135781681320114 3.1112279061166657 3.1108055268911676 3.1119817400077623 3.113975561857288 3.115588997436367 0.0 0.0 0.0 0.0 0.0 0.0 0.0 0.0 0.0 0.0 0.0 0.0 0.0 0.0 0.0 0.0 0.0 0.0 0.0 0.0 0.0 0.0 3.20861883455342 3.208599632946989 3.2085724778307534 3.208553276303512
3.1232812223039867 3.12233239658432 3.120441921688759 3.1177468316714965 3.1145752410774294 3.11143384557615 3.1089390643280135 3.107711581778407 3.1082570004321015 3.110852896769312 3.1154479883822392 3.121550156077194 3.12804001667929 3.13284412558288 0.0 0.0 0.0 0.0 0.0 0.0 0.0 0.0 0.0 0.0 0.0 0.0 0.0 0.0 0.0 0.0 0.0 0.0 0.0 0.0 0.0 0.0 3.2144692216219615 3.2144532348363994 3.2144306261545723 3.214414639435648
3.0975092443658236 3.0972440640796783 3.0967697346933107 3.0962475103024945 3.0959787315718006 3.0963972035095613 3.098016172429106 3.101342178942001 3.1067773454930414 3.114531427753698 3.1245499940338073 3.136424275903048 3.149127674588902 3.1599577309643263 0.0 0.0 0.0 0.0 0.0 0.0 0.0 0.0 0.0 0.0 0.0 0.0 0.0 0.0 0.0 0.0 0.0 0.0 0.0 0.0 0.0 0.0 3.2220897685844196 3.2220766447617817 3.2220580849279017 3.2220449611816493
3.076782661930713 3.077261971040663 3.0782813099976853 3.0799859637065508 3.0826258065647663 3.086548814877108 3.0921603924713548 3.099856944791025 3.1099546318450275 3.1226395020885134 3.1379650608863323 3.1559331611146866 3.1767722400159775 3.2019209734639547 3.238113849596256 0.0 0.0 0.0 0.0 0.0 0.0 0.0 0.0 0.0 0.0 0.0 0.0 0.0 0.0 0.0 0.0 0.0 0.0 0.0 0.0 0.0 3.2316060948101386 3.231595118272482 3.2315795952161688 3.231568618836537
3.0626390811075406 3.063857752615897 3.0663393340542373 3.0701870900307284 3.075577347446804 3.0827557946109057 3.0920084676262634 3.103613947416347 3.1177957840709634 3.134700845516424 3.154431598614628 3.177168288501092 3.2034500073081755 3.2347524382098802 3.274417081682873 3.326962759685948 3.3666164687542652 3.397068520793081 3.420043980237359 3.436724210535316 3.448130226764767 3.455155543732563 3.4584822958681793 0.0 0.0 0.0 0.0 0.0 0.0 0.0 0.0 0.0 0.0 0.0 0.0 0.0 3.243042086748663 3.2430321966706623 3.2430182103370124 3.2430083207495906
3.055507546628362 3.0574146498841923 3.0612451080567595 3.0670431997339977 3.0748942051098904 3.0849255207461725 3.097289331642537 3.1121316682466706 3.1295629902915865 3.1496498851441044 3.172445011113305 3.1980647260888753 3.2268067744392726 3.2592369355009736 3.295920002943001 3.33568764245397 3.370499305791874 3.398878471849716 3.4209339702363515 3.4372461039728774 3.4485554327795453 3.455595845529068 3.4589535086777032 0.0 0.0 0.0 0.0 0.0 0.0 0.0 0.0 0.0 0.0 0.0 0.0 0.0 3.2563072769773305 3.2562970420423416 3.25628256889073 3.256272335684569
3.0548042594321494 3.057315624894604 3.062320360747962 3.0697935756767882 3.0797177788434063 3.092090126721495 3.1069170022526027 3.1241989406877098 3.143916262873444 3.166027316316914 3.1904852699054893 3.2172661230284447 3.2463773541251664 3.277772372130705 3.311020409148767 3.344568315033127 3.37513205811989 3.4010755859308217 3.42190167739048 3.437722092378477 3.4489433615015606 3.456059600053692 3.4594961423100643 0.0 0.0 0.0 0.0 0.0 0.0 0.0 0.0 0.0 0.0 0.0 0.0 0.0 3.271188801098929 3.271176269196029 3.27115855089128 3.271146025256016
3.0591757711557106 3.062182286965065 3.068140666728257 3.0769528513579734 3.0884939166608745 3.102626045006932 3.11920529975596 3.138082561957387 3.159104388499326 3.182118846337395 3.20698475606332 3.2335718438952634 3.2617263816884727 3.2911658305347684 3.3212735834680682 3.3508530330301585 3.378189783603671 3.4020478261371783 3.421794411007982 3.437251876145767 3.4485227133868035 3.4558362894772254 3.4594231562650375 0.0 0.0 0.0 0.0 0.0 0.0 0.0 0.0 0.0 0.0 0.0 0.0 0.0 3.287329646725442 3.287311922474564 3.2872868730179445 3.287269171621124
3.0668442640447555 3.070217474285592 3.076873640811247 3.08664377054299 3.099298985271304 3.114571183675557 3.132172096126513 3.151810859726171 3.1732119149595017 3.196132640430608 3.220374172302465 3.245772215918199 3.2721515021342147 3.299233306160463 3.3265095690932815 3.353153124226457 3.3781084414824805 3.40044298217745 3.4194984395273273 3.4348903437511136 3.446445980264358 3.4541264702667847 3.4579536109455957 0.0 0.0 0.0 0.0 0.0 0.0 0.0 0.0 0.0 0.0 0.0 0.0 0.0 3.3041784152747518 3.3041506856019853 3.3041115302123925 3.30408388392094
3.0759949071364705 3.0795911093617785 3.086661998030232 3.0969760887426325 3.110212604924086 3.125988191767146 3.143887773182617 3.163498965469016 3.1844485846640898 3.2064358558086874 3.2292515705079987 3.2527691537896186 3.2768962546469775 3.3014871663592524 3.326238733199498 3.3506216932147823 3.3739133133056107 3.3953402780178763 3.4141974469721936 3.429907119011597 3.4420333919469535 3.4502729052912504 3.454437374084522 0.0 0.0 0.0 0.0 0.0 0.0 0.0 0.0 0.0 0.0 0.0 0.0 0.0 3.320911322291998 3.320864778019048 3.320799176199727 3.3207529358420644
3.085137525283081 3.08880148001656 3.095983915762949 3.1064050226514945 3.1196722699600024 3.135311936192258 3.1528104573817033 3.1716647943774374 3.191437742525064 3.211808552561224 3.232603906525709 3.253792857887892 3.275434805022956 3.297582946792423 3.3201653515441514 3.3428859877672976 3.3651953536709165 3.3863537426315737 3.4055468812236502 3.4219864738852577 3.4349779501435624 3.443964532800903 3.448557661720756 0.0 0.0 0.0 0.0 0.0 0.0 0.0 0.0 0.0 0.0 0.0 0.0 0.0 3.336349452943298 3.3362669846365263 3.3361511738929828 3.336069811639015
3.0933777145707015 3.096946944328149 3.1039256404008286 3.1140044536495193 3.1267458478039027 3.141618672463801 3.158047780920534 3.1754781227830153 3.193447290945227 3.2116532940659788 3.229998511877455 3.248589972929942 3.267682420008474 3.287563826084453 3.3084010032582687 3.3300833969672077 3.352124042849782 3.373688075219867 3.3937701185310614 3.4113461500898663 3.4254741815625818 3.4353688963194893 3.440464599832503 0.0 0.0 0.0 0.0 0.0 0.0 0.0 0.0 0.0 0.0 0.0 0.0 0.0 3.3489148937616906 3.348762208056224 3.3485492986135448 3.3484006317477704
3.1005490547445116 3.103859449411422 3.1103173321088247 3.1196055281543833 3.131272479466571 3.144767690883542 3.1594965976389844 3.1748948804483557 3.190515010081514 3.206109143515951 3.221686009175503 3.237518518070115 3.254084735191888 3.271935812596056 3.291497663887248 3.3128307940555044 3.3354149525348995 3.358130600437621 3.3796711682900193 3.398761545191911 3.41424778186937 3.42516439229212 3.430808607059647 0.0 0.0 0.0 0.0 0.0 0.0 0.0 0.0 0.0 0.0 0.0 0.0 0.0 3.356679840763156 3.356386812890228 3.3559836366920988 3.355705191444177
3.107186642618263 3.1100797256401527 3.115711362114866 3.1237790652536526 3.1338494792725426 3.145392351704718 3.157837091491497 3.170652793480512 3.1834441025648084 3.1960456601166944 3.2085910276773046 3.2215311508786777 3.23558283616522 3.251594949821933 3.2703201549357557 3.2920672985205206 3.3162282151165945 3.340983615432762 3.364571375640922 3.385496683748607 3.4024816670273252 3.4144642589182497 3.4206639517015724 0.0 0.0 0.0 0.0 0.0 0.0 0.0 0.0 0.0 0.0 0.0 0.0 0.0 3.3575574693413746 3.356977427525493 3.3561991997936858 3.355672027645698
3.1143557514038616 3.116687557833329 3.121215696478429 3.127673342352232 3.135675532353635 3.1447494255415647 3.154388820940014 3.164134748611214 3.173674776330424 3.1829437103086664 3.192201854837273 3.2020674582002946 3.213487751468282 3.2276416751305903 3.2457544783080925 3.2687071501970557 3.296040138553488 3.323986283444721 3.3501991321323663 3.3731587532109257 3.3916514281798285 3.404644949331205 3.411355399997875 0.0 0.0 0.0 0.0 0.0 0.0 0.0 0.0 0.0 0.0 0.0 0.0 0.0 3.3496636403506193 3.3484782823566674 3.3469614752309056 3.3459677713929223
3.1233781756928636 3.1250293137437977 3.128223793146708 3.132747564248883 3.1382890100446588 3.1444637181302637 3.1508635285678652 3.157132442581015 3.163062653383956 3.168694143426158 3.1743955554333203 3.180907008094259 3.1893410032343934 3.2011678520049514 3.2182461742920077 3.242871400633514 3.276690627192075 3.3093420569544594 3.338570248106951 3.363494975116022 3.3832925207296256 3.3971072164929765 3.404219522891122 0.0 0.0 0.0 0.0 0.0 0.0 0.0 0.0 0.0 0.0 0.0 0.0 0.0 3.331862362594307 3.3293372601697975 3.326380913443231 3.324551001471007
3.1355148293690465 3.136400987542741 3.138098633745346 3.14045763352676 3.1432565762837408 3.1462211526301 3.149065190019203 3.1515572877589406 3.1536068678101685 3.155353824518674 3.157240177237951 3.16004527765919 3.1648860977583 3.1732454088003292 3.1872985905474054 3.2116541109534413 3.261482480701488 3.3000195002462065 3.3318391187193015 3.3581221644591146 3.3787196452070916 3.393007623401138 3.4003450106955766 0.0 0.0 0.0 0.0 0.0 0.0 0.0 0.0 0.0 0.0 0.0 0.0 0.0 3.304552346570917 3.298830990222411 3.2931568203207107 3.289960487685234
3.1516639990339765 3.1517459338656897 3.151869592351444 3.151952153995736 3.151868842624269 3.151465288567362 3.150589535705798 3.149146448868415 3.1471686745486394 3.1448887813068493 3.1427898530837113 3.141608697190345 3.1422647939322057 3.145672014767484 3.1522766769310113 3.1605536382811894 0.0 0.0 0.0 0.0 0.0 0.0 0.0 0.0 0.0 0.0 0.0 0.0 0.0 0.0 0.0 0.0 0.0 0.0 0.0 0.0 3.2710269199119137 3.256839123213382 3.2465153125910486 3.2415154772379617
3.1721236773025714 3.171415556720107 3.1699900843369453 3.167826111054677 3.164889776307652 3.1611428404391524 3.156566679213117 3.151203976193533 3.14521262580004 3.1389176678566852 3.1328394261851757 3.1276707348969497 3.1241717400447113 3.122940463065308 3.123990225643677 3.1260556103765147 0.0 0.0 0.0 0.0 0.0 0.0 0.0 0.0 0.0 0.0 0.0 0.0 0.0 0.0 0.0 0.0 0.0 0.0 0.0 0.0 3.2408349149135174 3.2012593917287484 3.185660540119538 3.179585885281724
3.1964500015703075 3.1950248669229433 3.1921877094359306 3.187963696369636 3.182391078491091 3.1755291936638375 3.167477663120548 3.158407532310196 3.1485993248758675 3.138476130159216 3.1286136585909277 3.119705439704337 3.112461608304036 3.107426849011104 3.1047286803927605 3.1038573864470753 0.0 0.0 0.0 0.0 0.0 0.0 0.0 0.0 0.0 0.0 0.0 0.0 0.0 0.0 0.0 0.0 0.0 0.0 0.0 0.0 0.0 3.1151955697545612 3.109923508761353 3.1066697723547825
3.223427755269578 3.22141881517582 3.2174227299429417 3.2114861062767286 3.203687529866702 3.1941504974036077 3.1830630277355714 3.1707027107698678 3.157462443010369 3.1438678272044225 3.1305733639061013 3.1183230003901836 3.1078640384648386 3.099815981527985 3.0945246011081524 3.0919853605165293 0.0 0.0 0.0 0.0 0.0 0.0 0.0 0.0 0.0 0.0 0.0 0.0 0.0 0.0 0.0 0.0 0.0 0.0 0.0 0.0 0.0 3.033481747262512 3.0315991018091277 3.030143523741432
3.2511558232032147 3.248752379226484 3.2439580428542514 3.236807774215146 3.2273772650301416 3.215807179886604 3.20232991238527 3.187294721769424 3.1711861792181137 3.154629528031169 3.138375253271091 3.123255236993131 3.11010672765928 3.099670811309526 3.092490759582368 3.08885817177433 0.0 0.0 0.0 0.0 0.0 0.0 0.0 0.0 0.0 0.0 0.0 0.0 0.0 0.0 0.0 0.0 0.0 0.0 0.0 0.0 0.0 2.9578601237385223 2.957164526352255 2.9565591195161742
3.277239778278816 3.27467693731102 3.269533830862831 3.2617950822610027 3.2514820010510705 3.2386949580101034 3.223654838719675 3.2067355305894587 3.1884810871939244 3.1696029604145144 3.1509539529143367 3.1334768714965877 3.1181289142966357 3.105789415742873 3.097168637309937 3.0927438841367625 0.0 0.0 0.0 0.0 0.0 0.0 0.0 0.0 0.0 0.0 0.0 0.0 0.0 0.0 0.0 0.0 0.0 0.0 0.0 0.0 0.0 2.891614866020808 2.891352638707529 2.8911094179455126
3.2990730416533176 3.2966151212200168 3.291630452802121 3.284012857271928 3.273674355880512 3.2606120793139546 3.2449719276373963 3.2270960497185457 3.207545338071483 3.1870929193757265 3.1666885362292163 3.147396372490286 3.1303111979638913 3.116461093982504 3.106709703726646 3.1016744530102875 0.0 0.0 0.0 0.0 0.0 0.0 0.0 0.0 0.0 0.0 0.0 0.0 0.0 0.0 0.0 0.0 0.0 0.0 0.0 0.0 0.0 2.837885092216045 2.837784682363546 2.8376882764626354
3.3141756370030935 3.312094333563274 3.3077918945740468 3.3010337349079584 3.2915702837113328 3.2792334638910594 3.264029052590344 3.2462063670326313 3.2262928666523445 3.2050888973387925 3.183624501236032 3.1630846091913014 3.1447111722774053 3.1296920146323695 3.1190473909461436 3.113526447187676 0.0 0.0 0.0 0.0 0.0 0.0 0.0 0.0 0.0 0.0 0.0 0.0 0.0 0.0 0.0 0.0 0.0 0.0 0.0 0.0 0.0 2.7990079953276727 2.7989682060462324 2.798929293919562
3.320546506963935 3.31909626886352 3.315969678523817 3.310773689297996 3.303053707328025 3.2924224802780464 3.2786856931397113 3.2619397673822585 3.2426248975586116 3.2215264776511554 3.199727634567195 3.178522254022673 3.1593008529934465 3.1434215085672252 3.132076117988245 3.1261606230791683 0.0 0.0 0.0 0.0 0.0 0.0 0.0 0.0 0.0 0.0 0.0 0.0 0.0 0.0 0.0 0.0 0.0 0.0 0.0 0.0 0.0 2.7762509397245143 2.7762325643235344 2.776214544785986
3.316975891683238 3.3163700743732942 3.3148370453031055 3.311806571060012 3.306589783641561 3.2985405975567823 3.287216390965781 3.2725076943940175 3.254714783903257 3.2345611207348184 3.213145974612434 3.1918480741069177 3.1721967736341887 3.1557263969210627 3.1438234553612623 3.137567786302848 0.0 0.0 0.0 0.0 0.0 0.0 0.0 0.0 0.0 0.0 0.0 0.0 0.0 0.0 0.0 0.0 0.0 0.0 0.0 0.0 0.0 2.7697098994056497 2.769695377388498 2.7696817331820087
3.3032640222828773 3.303655767468926 3.304020818796037 3.303606377865952 3.3014774162713834 3.296707973715758 3.2885757810381198 3.2767249082384144 3.261269078797757 3.24282154445591 3.222452428507651 3.201587354173715 3.181868844146276 3.1650020014126934 3.1525953698968037 3.1459829561313435 0.0 0.0 0.0 0.0 0.0 0.0 0.0 0.0 0.0 0.0 0.0 0.0 0.0 0.0 0.0 0.0 0.0 0.0 0.0 0.0 0.0 2.778284339452174 2.7782598277468544 2.7782392671617417
3.280305066094476 3.281776091398418 3.284207857892293 3.286672757402702 3.2879954362246506 3.2869690393740028 3.2825798715331937 3.2742012305755264 3.2617241244105974 3.2456062009284303 3.226837387515073 3.2068374722653847 3.1873135217201396 3.1701102204962415 3.157076748247884 3.1499264682806287 0.0 0.0 0.0 0.0 0.0 0.0 0.0 0.0 0.0 0.0 0.0 0.0 0.0 0.0 0.0 0.0 0.0 0.0 0.0 0.0 0.0 2.7997016517842352 2.799641412530515 2.7995997005578976
3.250019629320806 3.2525783412572005 3.257104405062968 3.262513967266947 3.2674124489945715 3.270329420187538 3.269967396303578 3.2654226539046585 3.256341499034551 3.2429884822068185 3.226221478435022 3.2073887923794677 3.1881826350140337 3.170501123055459 3.156387641484453 3.148104490358199 0.0 0.0 0.0 0.0 0.0 0.0 0.0 0.0 0.0 0.0 0.0 0.0 0.0 0.0 0.0 0.0 0.0 0.0 0.0 0.0 0.0 2.8306098852809316 2.8304413447786305 2.830359732936931
3.2151484955983505 3.2187366284602277 3.2252546744226835 3.233488146399262 3.241855083152509 3.248652965700071 3.2523248711726693 3.2517015605855013 3.2461795102127877 3.235806489111264 3.2212645415322494 3.203761885936303 3.1848679162587827 3.1663543991928655 3.1501767123306808 3.139007982326912 0.0 0.0 0.0 0.0 0.0 0.0 0.0 0.0 0.0 0.0 0.0 0.0 0.0 0.0 0.0 0.0 0.0 0.0 0.0 0.0 0.0 2.8667965369069037 2.866283993361296 2.8661777151520935
3.1789453822370106 3.1834505216866344 3.191751083327485 3.2025303923244057 3.2140563165560208 3.2244344026344085 3.231884921087041 3.235000197122061 3.2329398029819827 3.2255307218379774 3.2132563148474245 3.197137804670646 3.1785283275038227 3.1588413086317813 3.1391917166928143 3.1197129621648756 3.097303449072547 0.0 0.0 0.0 0.0 0.0 0.0 0.0 0.0 0.0 0.0 0.0 0.0 0.0 0.0 0.0 0.0 0.0 0.0 0.0 2.9145569421507287 2.903640137066136 2.9019451843202506 2.902137066377248
3.1448199919179443 3.1500904824615827 3.1598847994845625 3.1728116719488515 3.187026431123814 3.200486036897297 3.211231795936802 3.217656625952816 3.2187130784380704 3.214025891106754 3.2038880872347395 3.189138727129759 3.170936101597215 3.1504416615662647 3.1284007193355086 3.104522760831497 3.076458081117761 3.0387071545633564 3.0053629963288744 2.9736217667711444 2.942016483622205 2.909808310360078 2.876918748858837 2.843964376457719 2.8122354125264355 2.783560376427274 2.7600563539069234 2.7438034667119626 2.736501800319102 2.739167509539867 2.75190771919494 2.7737923220422593 2.802824938488303 2.8360077173502782 2.8694861221236367 2.898723235824927 2.9185162517855496 2.926149763920033 2.9309629215518482 2.9335541192971246
3.1159824236914218 3.121841434031347 3.1327883255317706 3.1473815021748743 3.163698286636515 3.1795893003047504 3.1929633465248326 3.20206055146988 3.205669519668503 3.2032503457119774 3.1949397574508596 3.1814345518714466 3.1637691379379307 3.143016271774382 3.1199458710063435 3.09469577282952 3.0666396219921808 3.0352093665864426 3.004012145922963 2.9730780740616995 2.9417999811216506 2.9097307253474707 2.876901439087652 2.843973348028315 2.812255959033266 2.7835866201374455 2.760086967282928 2.743840306485409 2.736550371655638 2.7392393866137397 2.752026249634097 2.774004949765611 2.803229755871826 2.836812308909193 2.871146019932345 2.902301137001878 2.92673943951258 2.942989874383716 2.9532775433607013 2.958372432214763
3.0951293823724986 3.101386002557346 3.1131136388824636 3.1288403776311466 3.146595345693063 3.164161589942921 3.1793613048321254 3.190332068436603 3.1957499069781807 3.194960177269765 3.1879913514570406 3.175447763521675 3.1583006352425596 3.1376175876914134 3.1142890006336104 3.08883455142309 3.061425569437154 3.0323206234363074 3.002601810605096 2.972433140849923 2.941525024858179 2.9096289626096095 2.8768790046795365 2.8439865638117365 2.8122851524857406 2.7836237682871325 2.76013026477874 2.743892387059315 2.7366189812699484 2.7393407218707857 2.7521926562589116 2.77430090750076 2.8037838315521473 2.8378786108922656 2.873214762286365 2.9062680957424165 2.9340280397907588 2.954828087640888 2.9686236314443524 2.975514964134019
3.084197751108747 3.090654396649541 3.102775456801322 3.1190749444517105 3.137559193482376 3.1559786511131516 3.1721129290190704 3.184048328173304 3.190403818390533 3.19046619313922 3.184209093874127 3.1721921847410983 3.155361705872235 3.13479709395143 3.111467447389238 3.0860753451761016 3.0590654361486984 3.0308149170092697 3.0017826891006982 2.9720312366364623 2.9413462768900005 2.909561410738418 2.8768643541420174 2.8439962377279437 2.8123058833010575 2.7836500584111 2.7601608831293083 2.743929200957264 2.7366674422150616 2.7394121741171813 2.7523095653471366 2.774507384496074 2.8041655241844663 2.838597233512365 2.8745589793224218 2.9087008563629744 2.9381418638860017 2.9610007734862505 2.9764802061471776 2.9842770576441806
0.0 0.0 0.0 0.0 0.0 0.0 0.0 0.0 0.0 0.0 0.0 0.0 0.0 0.0 0.0 0.0 0.0 0.0 0.0 0.0 0.0 0.0 0.0 0.0 0.0 0.0 0.0 0.0 0.0 0.0 0.0 0.0 0.0 0.0 0.0 0.0 0.0 0.0 0.0 0.0
0.0 0.0 0.0 0.0 0.0 0.0 0.0 0.0 0.0 0.0 0.0 0.0 0.0 0.0 0.0 0.0 0.0 0.0 0.0 0.0 0.0 0.0 0.0 0.0 0.0 0.0 0.0 0.0 0.0 0.0 0.0 0.0 0.0 0.0 0.0 0.0 0.0 0.0 0.0 0.0
0.0 0.0 0.0 0.0 0.0 0.0 0.0 0.0 0.0 0.0 0.0 0.0 0.0 0.0 0.0 0.0 0.0 0.0 0.0 0.0 0.0 0.0 0.0 0.0 0.0 0.0 0.0 0.0 0.0 0.0 0.0 0.0 0.0 0.0 0.0 0.0 0.0 0.0 0.0 0.0
0.0 0.0 0.0 0.0 0.0 0.0 0.0 0.0 0.0 0.0 0.0 0.0 0.0 0.0 0.0 0.0 0.0 0.0 0.0 0.0 0.0 0.0 0.0 0.0 0.0 0.0 0.0 0.0 0.0 0.0 0.0 0.0 0.0 0.0 0.0 0.0 0.0 0.0 0.0 0.0
0.0 0.0 0.0 0.0 0.0 0.0 0.0 0.0 0.0 0.0 0.0 0.0 0.0 0.0 0.0 0.0 0.0 0.0 0.0 0.0 0.0 0.0 0.0 0.0 0.0 0.0 0.0 0.0 0.0 0.0 0.0 0.0 0.0 0.0 0.0 0.0 0.0 0.0 0.0 0.0
0.0 0.0 0.0 0.0 0.0 0.0 0.0 0.0 0.0 0.0 0.0 0.0 0.0 0.0 0.0 0.0 0.0 0.0 0.0 0.0 0.0 0.0 0.0 0.0 0.0 0.0 0.0 0.0 0.0 0.0 0.0 0.0 0.0 0.0 0.0 0.0 0.0 0.0 0.0 0.0
0.0 0.0 0.0 0.0 0.0 0.0 0.0 0.0 0.0 0.0 0.0 0.0 0.0 0.0 0.0 0.0 0.0 0.0 0.0 0.0 0.0 0.0 0.0 0.0 0.0 0.0 0.0 0.0 0.0 0.0 0.0 0.0 0.0 0.0 0.0 0.0 0.0 0.0 0.0 0.0
0.0 0.0 0.0 0.0 0.0 0.0 0.0 0.0 0.0 0.0 0.0 0.0 0.0 0.0 0.0 0.0 0.0 0.0 0.0 0.0 0.0 0.0 0.0 0.0 0.0 0.0 0.0 0.0 0.0 0.0 0.0 0.0 0.0 0.0 0.0 0.0 0.0 0.0 0.0 0.0
0.0 0.0 0.0 0.0 0.0 0.0 0.0 0.0 0.0 0.0 0.0 0.0 0.0 0.0 0.0 0.0 0.0 0.0 0.0 0.0 0.0 0.0 0.0 0.0 0.0 0.0 0.0 0.0 0.0 0.0 0.0 0.0 0.0 0.0 0.0 0.0 0.0 0.0 0.0 0.0
0.0 0.0 0.0 0.0 0.0 0.0 0.0 0.0 0.0 0.0 0.0 0.0 0.0 0.0 0.0 0.0 0.0 0.0 0.0 0.0 0.0 0.0 0.0 0.0 0.0 0.0 0.0 0.0 0.0 0.0 0.0 0.0 0.0 0.0 0.0 0.0 0.0 0.0 0.0 0.0
