2.6307081370062857
0.0 3.3236504949140997 3.3390139170507354 3.3446238618678104 3.3426233944430805 3.335315866075714 3.325224468874017 3.3150160158197637 3.307163661782828 3.3030304040971634
3.3225732320167998 3.345791273505848 3.360090980114679 3.3655174778587083 3.3635093396090374 3.3560884620433473 3.345625990867535 3.3348808957878266 3.3269992549641008 3.3230314144037396
3.3353472594090228 3.359023631740141 3.3735984125245073 3.379071782178644 3.376858146654896 3.368794711640007 3.356921701706635 3.343923045812353 3.3358746568066184 3.332351239392488
3.3329957292387715 3.363359713289489 3.3797116492075316 3.385575351279311 3.383200137485825 3.3743557884166333 3.3602181580053383 3.3405103133318477 3.3336332655511827 3.331848372667917
3.30865769652453 0.0 0.0 0.0 0.0 0.0 0.0 3.317618472536723 3.320386668347794 3.3238136721764686
3.2924159184844255 0.0 0.0 0.0 0.0 0.0 0.0 0.0 3.3014396086238826 3.3140520093213035
3.2849196547923754 0.0 0.0 0.0 0.0 0.0 0.0 0.0 3.2986592992581634 3.312080968017579
3.28784882258307 3.2954489319911 3.3004307394691943 3.3016930007179437 3.3002647733582324 3.298009077603956 3.297184287841762 3.3004807988988136 3.311857599883733 3.3186328842092196
3.2962142045767515 3.3127044972899493 3.320815764659896 3.3233721236119096 3.322534371273751 3.3204096171280693 3.319009746131977 3.3199729438101415 3.323770857973278 3.326574255042074
3.301660552928653 3.3208445322630458 3.3306162123266727 3.3340022073844118 3.333524918821428 3.3314091502860523 3.3295365442421643 3.3291541313978272 3.33034115096264 3.331507561441627
