1.846121943975162
0.0 2.417955687215072 2.39391140033805 2.3725108445006575 2.354287629385158 2.339352162746619 2.327636926540114 2.3189988878788688 2.3132914375389775 2.310462806387821
2.4327381010670877 2.402866646087299 2.37762168629608 2.3560726201828808 2.3380463447179918 2.323414746395547 2.312009450422691 2.30361446791621 2.2979822939990027 2.2951505860998074
2.4227652502935464 2.393671493086806 2.36773374391514 2.3458158299697764 2.327749274720887 2.313259059424868 2.302086718871816 2.2939293439069326 2.2881259533778646 2.2850871307928244
2.427224989984426 2.3914784488559224 2.363581106918451 2.3410560642221623 2.322847509973783 2.308418716332646 2.297482932347565 2.289965858173392 2.2833895868442338 2.279698365663034
2.4521637051930423 0.0 0.0 0.0 0.0 0.0 0.0 2.292791310992537 2.2833726944826345 2.2780512100736465
2.4606137610726035 0.0 0.0 0.0 0.0 0.0 0.0 0.0 2.2867436589261816 2.2783541826606197
2.4529037616942935 0.0 0.0 0.0 0.0 0.0 0.0 0.0 2.2863874189526436 2.2775340709863974
2.429641093014499 2.407240567978687 2.386183831793602 2.366560594427545 2.3483293174125786 2.331367101751885 2.3154111686154235 2.2998297310339053 2.282917622609807 2.275128287835547
2.4141407584377093 2.391690593936005 2.370962261389064 2.3517872893050935 2.334075005314282 2.317764067038983 2.3028305861117473 2.2893766667341477 2.2780606804542307 2.2721294142355224
2.4064997845917526 2.384146451870788 2.3635809601637177 2.3446301189448358 2.327202427377881 2.3112863637848653 2.2969962844051555 2.284700624284516 2.2752675581094612 2.2702493061264564
