1.966231078441306
0.0 4.105306027539472 4.1061601223617545 4.107650923014289 4.109661880921432 4.112093846319371 4.114840186848813 4.117778517781321 4.120768308532119 4.123651941682354 4.126259383155097 4.1284175667733285 4.129965614801297 4.130775667723581 0.0 0.0 0.0 0.0 0.0 0.0 0.0 0.0 0.0 0.0 0.0 0.0 0.0 0.0 0.0 0.0 0.0 0.0 0.0 0.0 0.0 0.0 4.82692835619188 4.826928355035853 4.826928353400989 4.826928352244971
4.104472570183623 4.1051022494051566 4.106166337638437 4.107761271372336 4.109854614096261 4.112372400114022 4.115216636854094 4.118267977143263 4.121385881314534 4.124409593832849 4.127161707112273 4.1294563008540175 4.131114107487265 4.131986560292345 0.0 0.0 0.0 0.0 0.0 0.0 0.0 0.0 0.0 0.0 0.0 0.0 0.0 0.0 0.0 0.0 0.0 0.0 0.0 0.0 0.0 0.0 4.825717324786614 4.825717322949723 4.825717320351985 4.825717318515118
4.104512973944324 4.105124979029199 4.106292263493846 4.108009667758386 4.110240971753807 4.112919863964457 4.11595459317971 4.119229314017964 4.122603584129457 4.125911573945455 4.128962559662232 4.131545267902309 4.133440841194799 4.134451753622495 0.0 0.0 0.0 0.0 0.0 0.0 0.0 0.0 0.0 0.0 0.0 0.0 0.0 0.0 0.0 0.0 0.0 0.0 0.0 0.0 0.0 0.0 4.8232838225976735 4.823283818997774 4.823283813906806 4.82328381030699
4.104623824760586 4.105268120997019 4.106532348750556 4.108392219307178 4.110806530408318 4.113711936506684 4.117021818715063 4.120624955188437 4.124382929220633 4.128126137386624 4.131648735945005 4.134704396251262 4.13700947459267 4.138271066914964 0.0 0.0 0.0 0.0 0.0 0.0 0.0 0.0 0.0 0.0 0.0 0.0 0.0 0.0 0.0 0.0 0.0 0.0 0.0 0.0 0.0 0.0 4.819605200241335 4.819605192757692 4.819605182174446 4.819605174691119
4.104794699715499 4.1054888958942035 4.106861413786774 4.108885881251872 4.111521240160182 4.114708208651142 4.118366827934069 4.1223936822733735 4.126657543004368 4.130992049053772 4.13518345001599 4.138951306962973 4.141924273456737 4.143635427346624 0.0 0.0 0.0 0.0 0.0 0.0 0.0 0.0 0.0 0.0 0.0 0.0 0.0 0.0 0.0 0.0 0.0 0.0 0.0 0.0 0.0 0.0 4.814648061549667 4.814648045775458 4.814648023468192 4.814648007695159
4.105006181514781 4.105758528521216 4.107250574653408 4.109458006339706 4.112343306565263 4.115853614958325 4.119918520614201 4.124447265445214 4.129324241319907 4.1344006124438195 4.139477337748211 4.1442691313608355 4.1483287087632466 4.150910744181049 0.0 0.0 0.0 0.0 0.0 0.0 0.0 0.0 0.0 0.0 0.0 0.0 0.0 0.0 0.0 0.0 0.0 0.0 0.0 0.0 0.0 0.0 4.808368969249437 4.808368935903099 4.808368888747362 4.808368855405408
4.1052387984457495 4.1060530592308115 4.107671122070663 4.110072099836615 4.113223909931275 4.117082099825832 4.121588551121744 4.126669967403473 4.132235637760559 4.138173070782468 4.144337271873611 4.150519410154434 4.156341334171321 4.160854582161809 0.0 0.0 0.0 0.0 0.0 0.0 0.0 0.0 0.0 0.0 0.0 0.0 0.0 0.0 0.0 0.0 0.0 0.0 0.0 0.0 0.0 0.0 4.800715405192445 4.8007153346741624 4.800715234957843 4.800715164455899
4.10547709209932 4.106353391417142 4.108097549432328 4.110692591305893 4.114112664817022 4.1183226329603055 4.123277909171869 4.128924901752173 4.135202665714267 4.142047078782321 4.14940108655927 4.157242409809681 4.16567150990863 4.175241189987933 4.188363998907584 0.0 0.0 0.0 0.0 0.0 0.0 0.0 0.0 0.0 0.0 0.0 0.0 0.0 0.0 0.0 0.0 0.0 0.0 0.0 0.0 0.0 4.791626999875264 4.791626850791525 4.791626639998509 4.79162649097563
4.105712639438246 4.10664757812586 4.10851092735771 4.111289586631493 4.114963825126206 4.1195074124488 4.124888324269587 4.131070675445836 4.13801909613248 4.145708068450653 4.154141853377148 4.1633981929071995 4.173726580852004 4.185764420987248 4.200926987906794 4.22140332629554 4.238260293063749 4.252585097905585 4.264659211399834 4.274488373702878 4.281987515122606 4.287055916579518 4.289612305877556 0.0 0.0 0.0 0.0 0.0 0.0 0.0 0.0 0.0 0.0 0.0 0.0 0.0 4.781037047973092 4.781036732942745 4.7810362875837615 4.781035972779946
4.105946652739884 4.106933462784496 4.108902265524533 4.111843423109009 4.115742548915227 4.120580861085594 4.12633619568859 4.132985313061087 4.1405085750563675 4.148898860452059 4.158177863397312 4.168424323213084 4.179817055451338 4.19267575192279 4.207388970994626 4.223808744786847 4.239201593195183 4.252912280051773 4.264693615910234 4.274370274304909 4.281786632082338 4.286811191177022 4.289348517748024 0.0 0.0 0.0 0.0 0.0 0.0 0.0 0.0 0.0 0.0 0.0 0.0 0.0 4.768874329059384 4.768873663720572 4.768872723390445 4.76887205889413
4.10619203964715 4.107220927535221 4.109275315665242 4.112348412233634 4.1164300626243016 4.121507015227515 4.127563690120276 4.134583865986233 4.142553860622655 4.151467892682553 4.161336060976022 4.172193715217102 4.184105011367692 4.197136752499966 4.211244179358935 4.225987146744304 4.240224114841302 4.2532486418823225 4.264631923189237 4.27407734183201 4.281360539274951 4.286312374450041 4.2888176197824 0.0 0.0 0.0 0.0 0.0 0.0 0.0 0.0 0.0 0.0 0.0 0.0 0.0 4.755065258825463 4.755063854374566 4.7550618704223275 4.7550604691020855
4.106474685318536 4.107533333245447 4.109648372697462 4.112815211202211 4.117026812451457 4.12227366398497 4.128543968124616 4.135824220948173 4.144100284923892 4.153358800664612 4.163588028866231 4.174775367430437 4.186894943511815 4.199872614139223 4.213512693208389 4.227395090314688 4.240858011263881 4.2533200453717495 4.264329482101627 4.273538235355553 4.280678002459885 4.285549273418649 4.288018498039491 0.0 0.0 0.0 0.0 0.0 0.0 0.0 0.0 0.0 0.0 0.0 0.0 0.0 4.739536413691932 4.739533450343398 4.739529267897425 4.739526316171965
4.106833778258858 4.107907925651496 4.110054836298018 4.113271573257837 4.117553336537793 4.12289305657976 4.12928093129397 4.1367038903801046 4.145144815062539 4.1545809994166385 4.1649806780189795 4.176295333869257 4.188444078575742 4.201285893843887 4.214579959729053 4.227951417030377 4.240910868260021 4.252967553023038 4.263685831167638 4.272700678045886 4.2797194982692 4.28452191432591 4.286960211045373 0.0 0.0 0.0 0.0 0.0 0.0 0.0 0.0 0.0 0.0 0.0 0.0 0.0 4.7222175178191526 4.722211266588682 4.722202457242121 4.722196249126919
4.107321110621775 4.1083951426563425 4.110542507182939 4.113761547424065 4.1180491442838 4.123399972507277 4.12980549713482 4.137252608460149 4.145721628460989 4.155183132653068 4.165592597838047 4.176881387542437 4.188942396429511 4.201609785333596 4.21463641751944 4.227681043507292 4.240324888960902 4.252123988239477 4.262655446020308 4.271546358695995 4.27848920221556 4.283249433420789 4.285669206452565 0.0 0.0 0.0 0.0 0.0 0.0 0.0 0.0 0.0 0.0 0.0 0.0 0.0 4.703045092902825 4.70303190287974 4.703013366211992 4.703000335994285
4.107999389017926 4.1090568841398065 4.111171747770767 4.114343397854763 4.118570143804146 4.123848207225776 4.130170383587196 4.137524239336333 4.1458896043577536 4.155234906818909 4.165511618103758 4.17664582572663 4.18852601608628 4.200987117027151 4.213793546164362 4.226628670051318 4.239102097475237 4.250781957395725 4.261240968709535 4.270093965059744 4.277020386355743 4.281775299805469 4.2841940589514005 0.0 0.0 0.0 0.0 0.0 0.0 0.0 0.0 0.0 0.0 0.0 0.0 0.0 4.681967227047137 4.68193936662327 4.681900404485629 4.681873135963024
4.108939669418163 4.109963886308524 4.112012716212596 4.115086575794202 4.119185160126784 4.124306344291508 4.130444723314879 4.137589740931953 4.145723270607178 4.154816366145728 4.164824682212465 4.175681786719716 4.18728932318097 4.1995029846999925 4.212114209875653 4.224830895517817 4.237268326816403 4.24897201342393 4.2594847231341575 4.268397898133594 4.275376786150505 4.280169190084111 4.282607260189727 0.0 0.0 0.0 0.0 0.0 0.0 0.0 0.0 0.0 0.0 0.0 0.0 0.0 4.658950495845619 4.658891493208879 4.658809703484886 4.658752892014211
4.110218074508532 4.111192379887322 4.113141898812783 4.1160680455234395 4.119971956428536 4.124853361856973 4.130709161271404 4.137531748125433 4.1453071073457615 4.154012642226686 4.163614526440324 4.174064000264865 4.185291196174237 4.197193456168088 4.209612825171866 4.222297391183519 4.234854667284071 4.246752466448849 4.257465033801579 4.266547393263916 4.2736521876829725 4.278526196886052 4.281004065998426 0.0 0.0 0.0 0.0 0.0 0.0 0.0 0.0 0.0 0.0 0.0 0.0 0.0 4.633991379617024 4.633865736851505 4.633694320108954 4.633576786258362
4.111911970301851 4.112820218147707 4.114638144506177 4.117368191058128 4.12101300466348 4.125574314310723 4.131051600202969 4.137440713595385 4.144732667228259 4.152912881549276 4.1619611884979975 4.1718526661454725 4.182558319388249 4.1940412811458065 4.2062358806761235 4.218982364235966 4.231888814572939 4.2442130490467544 4.255301260598929 4.264668527814058 4.271969215840912 4.276963501855653 4.279498198051291 0.0 0.0 0.0 0.0 0.0 0.0 0.0 0.0 0.0 0.0 0.0 0.0 0.0 4.607137600507934 4.6068672017620464 4.606508793511049 4.606268401906806
4.114095782544581 4.114922653252074 4.116578372119176 4.119066452515583 4.122391103801232 4.126556085569612 4.1315634133386725 4.13741216812746 4.144097813656537 4.1516126720093895 4.1599485955345985 4.169103372849924 4.17909258093547 4.189966291367194 4.20181712822192 4.214718106772169 4.228404183197838 4.241503379518788 4.253171907134606 4.262929352831463 4.270476355719829 4.275613566557051 4.278213653888725 0.0 0.0 0.0 0.0 0.0 0.0 0.0 0.0 0.0 0.0 0.0 0.0 0.0 4.578532469298068 4.577939109407685 4.577192908339358 4.576710616146404
4.116836634153441 4.117567932481116 4.119033097265462 4.121236787429219 4.124184842885857 4.127883039686515 4.132335679381897 4.1375442947527405 4.143506952451882 4.150219012551036 4.157676978173125 4.165888712254581 4.174896811973875 4.18482875621905 4.195994705925447 4.209014917734669 4.2245227636963945 4.238915207015368 4.251347975028462 4.261543193867193 4.269339073559307 4.274611651327531 4.277271545596836 0.0 0.0 0.0 0.0 0.0 0.0 0.0 0.0 0.0 0.0 0.0 0.0 0.0 4.5485160103919515 4.547168936689688 4.545629508221039 4.544693758124876
4.120189990820546 4.120812889761514 4.122061924854377 4.123943042215267 4.126463877457467 4.129632324638185 4.133454828225528 4.137934616488126 4.143070241328692 4.148855082633578 4.155279142105948 4.162336194623189 4.1700446487827 4.178508986136121 4.188122196735188 4.200331193040202 4.22089281122301 4.237064342426499 4.250221705576084 4.260752109971317 4.268716703770354 4.274075107633624 4.276771682103525 0.0 0.0 0.0 0.0 0.0 0.0 0.0 0.0 0.0 0.0 0.0 0.0 0.0 4.517878080290068 4.514644916208126 4.511539099806357 4.509830466182398
4.1241955156306656 4.124698725780056 4.125709180514553 4.1272343628358845 4.129284055479341 4.131868674481389 4.134997151907089 4.138674453205683 4.142898824507987 4.14765884203513 4.152930185051034 4.158671393377091 4.164815082978017 4.171238966818342 4.177645811836684 4.18301862650393 0.0 0.0 0.0 0.0 0.0 0.0 0.0 0.0 0.0 0.0 0.0 0.0 0.0 0.0 0.0 0.0 0.0 0.0 0.0 0.0 4.488560790205544 4.480131395220437 4.474231110670148 4.471458202671099
4.1288733510896485 4.129247196725089 4.129999902725778 4.131140864012007 4.132682594327409 4.134638847782224 4.137022121335376 4.139840495926023 4.143093672605281 4.146767819672302 4.150828269284331 4.155207670231614 4.159783590114981 4.1643307019393 4.168414212180344 4.171177717891544 0.0 0.0 0.0 0.0 0.0 0.0 0.0 0.0 0.0 0.0 0.0 0.0 0.0 0.0 0.0 0.0 0.0 0.0 0.0 0.0 4.4658371329522515 4.441366038627703 4.432136957031355 4.428678414504064
4.134221058970705 4.134457454447429 4.134936466309337 4.13566987841905 4.136673718759086 4.137966265528104 4.139565333662332 4.141484731171211 4.143729643264974 4.146290450687101 4.1491340171133535 4.152190633636857 4.1553334853799235 4.158346402062497 4.160879530348534 4.162421128779931 0.0 0.0 0.0 0.0 0.0 0.0 0.0 0.0 0.0 0.0 0.0 0.0 0.0 0.0 0.0 0.0 0.0 0.0 0.0 0.0 0.0 4.385868067499601 4.38284623737291 4.38102907155784
4.140211443526165 4.140303783445471 4.140496128781386 4.140803165853258 4.141245306212851 4.141846719295141 4.142632640096531 4.143625837241303 4.144842023206578 4.146283831984917 4.147932790306233 4.149738562172958 4.1516050276093885 4.153374623535373 4.1548187443799804 4.155657833084473 0.0 0.0 0.0 0.0 0.0 0.0 0.0 0.0 0.0 0.0 0.0 0.0 0.0 0.0 0.0 0.0 0.0 0.0 0.0 0.0 0.0 4.332252233433253 4.331207399724247 4.330413609694333
4.146791453603618 4.146734450810342 4.1466297630985975 4.146495435021749 4.1463570531817 4.146245956542627 4.146196806582151 4.146244438965754 4.146419855029467 4.146745142799284 4.147227098771214 4.147849500944046 4.1485646936694875 4.1492870038155445 4.149894260132196 4.150248779645968 0.0 0.0 0.0 0.0 0.0 0.0 0.0 0.0 0.0 0.0 0.0 0.0 0.0 0.0 0.0 0.0 0.0 0.0 0.0 0.0 0.0 4.278825710026631 4.27845188688707 4.278130280728198
4.153882302451761 4.153671822648961 4.15326196313183 4.152674422047241 4.151940499242472 4.151099615026146 4.150197343788874 4.149282937394479 4.1484062751328885 4.147614141441156 4.146945746020984 4.146427566738237 4.146068097320192 4.145854144066667 4.145751932407859 4.145717411659751 0.0 0.0 0.0 0.0 0.0 0.0 0.0 0.0 0.0 0.0 0.0 0.0 0.0 0.0 0.0 0.0 0.0 0.0 0.0 0.0 0.0 4.225198605473454 4.225063291065384 4.224938811917646
4.161380865670466 4.161013812605877 4.160292598104953 4.159242617145967 4.157901013680841 4.1563155994093615 4.154543491591466 4.152649506580571 4.1507043162399295 4.148782324164051 4.146959158296596 4.145308639785536 4.143899144822208 4.142789528156457 4.142025280239177 4.141636132885046 0.0 0.0 0.0 0.0 0.0 0.0 0.0 0.0 0.0 0.0 0.0 0.0 0.0 0.0 0.0 0.0 0.0 0.0 0.0 0.0 0.0 4.171431339244509 4.171385126293426 4.171341132252834
4.169162327086206 4.168636627363349 4.167599769685746 4.16608057151411 4.1641216340032665 4.161778700424788 4.159119968378014 4.156225468792012 4.1531866029693925 4.150105852060046 4.147096503955591 4.144281931001544 4.141793459653336 4.139765255812671 4.138324253185939 4.137573904490049 0.0 0.0 0.0 0.0 0.0 0.0 0.0 0.0 0.0 0.0 0.0 0.0 0.0 0.0 0.0 0.0 0.0 0.0 0.0 0.0 0.0 4.117754608901234 4.1177474520947195 4.117740628938495
4.177083949643074 4.176398672564005 4.175044006233697 4.173051570973678 4.170468469251702 4.167357059495909 4.163794927353276 4.159875268778221 4.1557079078681625 4.151421105370099 4.147164084633607 4.143109654590619 4.139455215187465 4.13641860496187 4.134223041158473 4.133064916765901 0.0 0.0 0.0 0.0 0.0 0.0 0.0 0.0 0.0 0.0 0.0 0.0 0.0 0.0 0.0 0.0 0.0 0.0 0.0 0.0 0.0 4.064466457227834 4.064489747569087 4.064512512420359
4.18498976351457 4.184145390702695 4.182473422979197 4.180007337943377 4.176797236595481 4.17290993209502 4.168429454596619 4.163458313943237 4.15811994267975 4.152562770835863 4.1469662513711985 4.141548603242485 4.13657453234715 4.132357820844215 4.129247578021292 4.127579817081752 0.0 0.0 0.0 0.0 0.0 0.0 0.0 0.0 0.0 0.0 0.0 0.0 0.0 0.0 0.0 0.0 0.0 0.0 0.0 0.0 0.0 4.011885294119949 4.011961321111418 4.012034416518993
4.192715895659771 4.191714729227352 4.189729492565789 4.186794321877498 4.182960376026917 4.178296056741842 4.172887786976206 4.16684182005049 4.160287745591328 4.153384592577701 4.146330651589683 4.139378116553495 4.13285263410114 4.127173807515133 4.122861079965053 4.120483877575288 0.0 0.0 0.0 0.0 0.0 0.0 0.0 0.0 0.0 0.0 0.0 0.0 0.0 0.0 0.0 0.0 0.0 0.0 0.0 0.0 0.0 3.9603131063717902 3.9605177619211425 3.9607083798447587
4.200096222435764 4.1989428913896125 4.196653017097922 4.193260069645186 4.188814090066875 4.1833817855166515 4.177047186030619 4.1699134184773134 4.162106458855558 4.153782216102799 4.145139105346486 4.136439514408732 4.1280450643657645 4.12047037583054 4.114449312672025 4.110955726979145 0.0 0.0 0.0 0.0 0.0 0.0 0.0 0.0 0.0 0.0 0.0 0.0 0.0 0.0 0.0 0.0 0.0 0.0 0.0 0.0 0.0 3.909975828929806 3.9105212218036893 3.910999697663829
4.206968016747146 4.2056700130038465 4.203089882979296 4.1992591504569265 4.19422461306104 4.188048021106089 4.180806135172919 4.172591690360765 4.163516130841177 4.153715600666656 4.143362930422245 4.132691037601082 4.122039026252187 4.111944649554632 4.103327509026973 4.097801593269813 0.0 0.0 0.0 0.0 0.0 0.0 0.0 0.0 0.0 0.0 0.0 0.0 0.0 0.0 0.0 0.0 0.0 0.0 0.0 0.0 0.0 3.8608803517305805 3.862365025432146 3.863530333886256
4.213177287289231 4.211745441071126 4.208896224950035 4.204658169057427 4.19907307794217 4.1921950331293285 4.184089408476151 4.17483226039342 4.164510670219829 4.153225025264826 4.141095128387315 4.128274330810315 4.1149826482848955 4.101592544995628 4.088887322263397 4.078974137421334 0.0 0.0 0.0 0.0 0.0 0.0 0.0 0.0 0.0 0.0 0.0 0.0 0.0 0.0 0.0 0.0 0.0 0.0 0.0 0.0 0.0 3.812419458299777 3.816619916144105 3.8192944615034237
4.2185835672910175 4.217032363949127 4.213942728711938 4.20933955083629 4.203258563196666 4.195744512847636 4.18684887070982 4.1766271937291854 4.165136242192602 4.1524308588303915 4.1385602664546655 4.123562278548905 4.107449893167912 4.090169597902197 4.071448384154598 4.050168742327253 4.0215933012710545 0.0 0.0 0.0 0.0 0.0 0.0 0.0 0.0 0.0 0.0 0.0 0.0 0.0 0.0 0.0 0.0 0.0 0.0 0.0 3.7340921872450963 3.762183656661776 3.7747728109504637 3.7800652994883017
4.2230639933155025 4.2214116452802894 4.218117947692441 4.213204008074232 4.206699265562572 4.198638821006676 4.189059844781277 4.177996962907156 4.165476350235293 4.151507843481751 4.136073365778546 4.119107381235334 4.100458452135467 4.079803663585845 4.056444077170748 4.02881473379711 3.993453258558104 3.9440407569064106 3.9007110248245924 3.860976175391183 3.8241071020852613 3.7899908702407092 3.7587393112897844 3.7305386805299494 3.705586517061574 3.6840637177930553 3.666122228650534 3.6518803653181315 3.6414225241840024 3.6348024374517394 3.632051016770722 3.633192548031314 3.638278632267489 3.6474629910122665 3.6611776875069233 3.6805854841788066 3.708870794353558 3.730154506467951 3.7428179537088067 3.7486649112039245
4.226516603713734 4.2247848225410145 4.221330663780224 4.216171839269022 4.209332156428267 4.200838135355274 4.1907143507161955 4.178977298740761 4.165627409469501 4.150638469199558 4.133943000028798 4.115410694796548 4.094814259360865 4.071772878993763 4.045662738875017 4.015515739200755 3.980115676252922 3.939238887433722 3.8988132682157937 3.8601740242764278 3.8237528574918196 3.7898300975088883 3.758665004656397 3.730503682599993 3.7055692732028813 3.6840538261182285 3.6661138275684593 3.651868546433629 3.6414003949793865 3.6347569787198677 3.631955053090925 3.6329872213438903 3.637832613442589 3.6464707583315206 3.658881986173681 3.6749345354366327 3.693662717731006 3.7095977919619285 3.7204153612020847 3.7257839543097493
4.228862861935387 4.227076319511975 4.223511439800567 4.218183388024437 4.211111764075637 4.2023167196960465 4.191813587008557 4.179605815454008 4.1656759245797685 4.149974087158624 4.1324039218938236 4.112805300358759 4.090935093078748 4.066450711997105 4.038913475629329 4.007862310747274 3.973082257959251 3.9352646670686333 3.89681546634697 3.8592099482211175 3.8232948441654258 3.789613703723767 3.758562749333146 3.7304549237704006 3.7055450800113854 3.684039891625607 3.666101974769891 3.6518518911812894 3.6413693103968785 3.6346934861284574 3.6318223735393644 3.63270850566978 3.6372471304284084 3.6452457273020697 3.656348347876075 3.6698537072827233 3.6843234733449886 3.697086897081477 3.706278466065974 3.7110274999605224
4.230049457996075 4.228234971663278 4.224613562725477 4.219199035488169 4.212008747857836 4.203059475556241 4.192361694144378 4.1799121016357015 4.165684196522928 4.149616838656199 4.131601157403115 4.111467385410502 4.088976107826378 4.06382465440988 4.035690953724017 4.0043533091453964 3.9699283159591348 3.9331923032998994 3.8956479846058585 3.85860283827786 3.8229926079628886 3.789466780748347 3.7584921272807064 3.7304209058200595 3.7055280980138074 3.6840300746828016 3.6660936126137598 3.6518401536356935 3.6413474675088433 3.6346490909471645 3.6317303771391902 3.632517983054257 3.6368563499679922 3.6444595631841255 3.6548211798403156 3.667068169031184 3.6797961548164184 3.691114850067415 3.699445259954024 3.70382364700102
0.0 0.0 0.0 0.0 0.0 0.0 0.0 0.0 0.0 0.0 0.0 0.0 0.0 0.0 0.0 0.0 0.0 0.0 0.0 0.0 0.0 0.0 0.0 0.0 0.0 0.0 0.0 0.0 0.0 0.0 0.0 0.0 0.0 0.0 0.0 0.0 0.0 0.0 0.0 0.0
0.0 0.0 0.0 0.0 0.0 0.0 0.0 0.0 0.0 0.0 0.0 0.0 0.0 0.0 0.0 0.0 0.0 0.0 0.0 0.0 0.0 0.0 0.0 0.0 0.0 0.0 0.0 0.0 0.0 0.0 0.0 0.0 0.0 0.0 0.0 0.0 0.0 0.0 0.0 0.0
0.0 0.0 0.0 0.0 0.0 0.0 0.0 0.0 0.0 0.0 0.0 0.0 0.0 0.0 0.0 0.0 0.0 0.0 0.0 0.0 0.0 0.0 0.0 0.0 0.0 0.0 0.0 0.0 0.0 0.0 0.0 0.0 0.0 0.0 0.0 0.0 0.0 0.0 0.0 0.0
0.0 0.0 0.0 0.0 0.0 0.0 0.0 0.0 0.0 0.0 0.0 0.0 0.0 0.0 0.0 0.0 0.0 0.0 0.0 0.0 0.0 0.0 0.0 0.0 0.0 0.0 0.0 0.0 0.0 0.0 0.0 0.0 0.0 0.0 0.0 0.0 0.0 0.0 0.0 0.0
0.0 0.0 0.0 0.0 0.0 0.0 0.0 0.0 0.0 0.0 0.0 0.0 0.0 0.0 0.0 0.0 0.0 0.0 0.0 0.0 0.0 0.0 0.0 0.0 0.0 0.0 0.0 0.0 0.0 0.0 0.0 0.0 0.0 0.0 0.0 0.0 0.0 0.0 0.0 0.0
0.0 0.0 0.0 0.0 0.0 0.0 0.0 0.0 0.0 0.0 0.0 0.0 0.0 0.0 0.0 0.0 0.0 0.0 0.0 0.0 0.0 0.0 0.0 0.0 0.0 0.0 0.0 0.0 0.0 0.0 0.0 0.0 0.0 0.0 0.0 0.0 0.0 0.0 0.0 0.0
0.0 0.0 0.0 0.0 0.0 0.0 0.0 0.0 0.0 0.0 0.0 0.0 0.0 0.0 0.0 0.0 0.0 0.0 0.0 0.0 0.0 0.0 0.0 0.0 0.0 0.0 0.0 0.0 0.0 0.0 0.0 0.0 0.0 0.0 0.0 0.0 0.0 0.0 0.0 0.0
0.0 0.0 0.0 0.0 0.0 0.0 0.0 0.0 0.0 0.0 0.0 0.0 0.0 0.0 0.0 0.0 0.0 0.0 0.0 0.0 0.0 0.0 0.0 0.0 0.0 0.0 0.0 0.0 0.0 0.0 0.0 0.0 0.0 0.0 0.0 0.0 0.0 0.0 0.0 0.0
0.0 0.0 0.0 0.0 0.0 0.0 0.0 0.0 0.0 0.0 0.0 0.0 0.0 0.0 0.0 0.0 0.0 0.0 0.0 0.0 0.0 0.0 0.0 0.0 0.0 0.0 0.0 0.0 0.0 0.0 0.0 0.0 0.0 0.0 0.0 0.0 0.0 0.0 0.0 0.0
0.0 0.0 0.0 0.0 0.0 0.0 0.0 0.0 0.0 0.0 0.0 0.0 0.0 0.0 0.0 0.0 0.0 0.0 0.0 0.0 0.0 0.0 0.0 0.0 0.0 0.0 0.0 0.0 0.0 0.0 0.0 0.0 0.0 0.0 0.0 0.0 0.0 0.0 0.0 0.0
