1.9527820346762408
0.0 4.141648488012125 4.137568059355941 4.130511355518427 4.121274173632563 4.110614124964621 4.099285455396964 4.088008219619121 4.077423667402202 4.068055538624804 4.060286778576096 4.0543569251486025 4.0503822112745675 4.048395603462392 0.0 0.0 0.0 0.0 0.0 0.0 0.0 0.0 0.0 0.0 0.0 0.0 0.0 0.0 0.0 0.0 0.0 0.0 0.0 0.0 0.0 0.0 4.5138437826904045 4.513843779991526 4.513843776174737 4.5138437734758625
4.144322145447794 4.141763716856518 4.136977380419694 4.129810602301792 4.120707094862057 4.110312141796689 4.099335958575369 4.088474751699149 4.078350424219777 4.069464887717811 4.062172088845319 4.056672072648937 4.053031187087139 4.051229887971068 0.0 0.0 0.0 0.0 0.0 0.0 0.0 0.0 0.0 0.0 0.0 0.0 0.0 0.0 0.0 0.0 0.0 0.0 0.0 0.0 0.0 0.0 4.512912423094773 4.512912419860318 4.512912415286118 4.512912412051677
4.142658840831455 4.140135034860026 4.135265349015436 4.128246043287635 4.119515885445113 4.109678247551668 4.099408051231785 4.089372047539957 4.080162283099748 4.07224335327303 4.065916222153537 4.0613037029186945 4.058366609637871 4.0569639158422515 0.0 0.0 0.0 0.0 0.0 0.0 0.0 0.0 0.0 0.0 0.0 0.0 0.0 0.0 0.0 0.0 0.0 0.0 0.0 0.0 0.0 0.0 4.511132833731092 4.511132829138223 4.511132822642962 4.511132818050143
4.139455770265232 4.13703979443496 4.1323752769664415 4.125761147854366 4.117662809193609 4.108673429479478 4.099446353046063 4.090622921586209 4.0827648605193225 4.076295065153063 4.07144924231134 4.0682429134097635 4.066467544141017 4.065751909493842 0.0 0.0 0.0 0.0 0.0 0.0 0.0 0.0 0.0 0.0 0.0 0.0 0.0 0.0 0.0 0.0 0.0 0.0 0.0 0.0 0.0 0.0 4.508659311922185 4.508659304421805 4.508659293814798 4.508659286314605
4.134895751031047 4.132665820246815 4.128381554456496 4.122378072143281 4.1151381343227325 4.107253110593778 4.099364237545776 4.092096035049261 4.08598933385411 4.081436661427887 4.078618712779304 4.077438788141208 4.077460635642033 4.077903322028825 0.0 0.0 0.0 0.0 0.0 0.0 0.0 0.0 0.0 0.0 0.0 0.0 0.0 0.0 0.0 0.0 0.0 0.0 0.0 0.0 0.0 0.0 4.505695182966698 4.505695169457037 4.505695150351979 4.505695136843007
4.129179338627036 4.127193078597043 4.123402264617568 4.118155676156482 4.1119439746282005 4.105357988296804 4.099033568342831 4.093589598115219 4.089564144789083 4.087349306235446 4.087117635697521 4.088719287824364 4.091507414766378 4.094053292116848 0.0 0.0 0.0 0.0 0.0 0.0 0.0 0.0 0.0 0.0 0.0 0.0 0.0 0.0 0.0 0.0 0.0 0.0 0.0 0.0 0.0 0.0 4.502463716181354 4.502463690342478 4.502463653802605 4.502463627966292
4.122505340054465 4.1207969152853625 4.117564129632432 4.113159779686366 4.108076338613416 4.102903687087879 4.098277107258112 4.094820799536667 4.093091471773828 4.093523281612241 4.096367457345242 4.101596610471624 4.108659073825396 4.115617025698022 0.0 0.0 0.0 0.0 0.0 0.0 0.0 0.0 0.0 0.0 0.0 0.0 0.0 0.0 0.0 0.0 0.0 0.0 0.0 0.0 0.0 0.0 4.499176186889619 4.499176135754899 4.499176063446247 4.49917601232106
4.115055943191438 4.113637021442496 4.110982854189546 4.1074452195407565 4.103514391339316 4.09977802339079 4.096872769957613 4.095434175837642 4.096050827925397 4.099229189841398 4.105378438326317 4.114838442987368 4.128034211031434 4.146111233139005 4.1736931197069085 0.0 0.0 0.0 0.0 0.0 0.0 0.0 0.0 0.0 0.0 0.0 0.0 0.0 0.0 0.0 0.0 0.0 0.0 0.0 0.0 0.0 4.496001332000421 4.496001228837981 4.496001082969476 4.496000979842535
4.106987321933822 4.105848946243359 4.1037536656876314 4.101049132712689 4.098220318560654 4.095850287391698 4.0945752705287894 4.095039864411312 4.097859179759807 4.103596642746611 4.112771473395526 4.125924606338351 4.143808740003252 4.167842547553187 4.200995493522504 4.2482125726390745 4.289193685169591 4.325576966227212 4.3573258414220195 4.38387205837267 4.404531412281413 4.418686950601581 4.42588433146495 0.0 0.0 0.0 0.0 0.0 0.0 0.0 0.0 0.0 0.0 0.0 0.0 0.0 4.493039947994527 4.493039737450433 4.49303943979032 4.493039229378595
4.0984284075334525 4.0975435742784265 4.095951976883 4.093995026615198 4.0921497901222965 4.090991672667156 4.091152076910056 4.093276550596562 4.097989611207138 4.105873335634794 4.117468514727575 4.133309288652361 4.153998373992977 4.180288889427633 4.212941730462784 4.251440851087977 4.28925548242466 4.324312629683607 4.355443704443262 4.3816860221872656 4.402195513062467 4.416280901576571 4.423451067292419 0.0 0.0 0.0 0.0 0.0 0.0 0.0 0.0 0.0 0.0 0.0 0.0 0.0 4.490307394500742 4.490306961462859 4.490306349407392 4.490305916863677
4.089488984168337 4.0888159169124885 4.087643714731233 4.086306175121597 4.085270515558822 4.085101694176049 4.086421691655394 4.089868495883938 4.0960595644084234 4.105564047447461 4.118886591953614 4.136461105495873 4.158639325301812 4.18562243879698 4.2172075522816845 4.252160796674587 4.287505594316849 4.321112734103998 4.351435910410255 4.377245309184396 4.397535248597015 4.411518758015617 4.418650401955529 0.0 0.0 0.0 0.0 0.0 0.0 0.0 0.0 0.0 0.0 0.0 0.0 0.0 4.4877255325910586 4.487724636690847 4.487723371018591 4.48772247696463
4.080276201731408 4.079762135594063 4.0789034696822615 4.07802575258344 4.077585381046643 4.078135329519658 4.080285477203913 4.084661393816924 4.091864999402899 4.102439264125727 4.1168366344621745 4.135386072690037 4.158244631750359 4.1853058480213 4.216030200216123 4.2492158423676525 4.282966422686845 4.315453218124428 4.345086705197096 4.37051490373881 4.390617967377783 4.404523099129143 4.411629169706235 0.0 0.0 0.0 0.0 0.0 0.0 0.0 0.0 0.0 0.0 0.0 0.0 0.0 4.485124391473253 4.485122528807313 4.485119899565123 4.485118043799332
4.070916760682667 4.070501935382583 4.0698373249363184 4.069240324184109 4.069156664615717 4.070127513423717 4.07275077072711 4.077639674762826 4.085381177751479 4.096495176523715 4.111393475695473 4.130334250093794 4.153364243570271 4.180239855726133 4.210328676228777 4.242532449330503 4.27534440051747 4.307139547823614 4.336354627517749 4.36157982678463 4.381615834054399 4.395518708401692 4.402636631087444 0.0 0.0 0.0 0.0 0.0 0.0 0.0 0.0 0.0 0.0 0.0 0.0 0.0 4.482252828643918 4.482248938734452 4.482243456254836 4.48223959213154
4.061580733012342 4.061202286145678 4.060606343194651 4.060102850922711 4.060128021269935 4.061212941467021 4.06394614408758 4.06893270105901 4.076751752918149 4.087913167256534 4.102812368388882 4.121680669716377 4.144527716158408 4.171075371159699 4.200692813939039 4.23236361617812 4.264735176644857 4.296270981084928 4.325408768244362 4.3506869848982275 4.3708379783911235 4.384855449069044 4.392042366650432 0.0 0.0 0.0 0.0 0.0 0.0 0.0 0.0 0.0 0.0 0.0 0.0 0.0 4.4787967716042605 4.478788613468015 4.47877714656989 4.478769084747119
4.052502422700333 4.052097943608293 4.0514463625781945 4.050851252993806 4.050741050983883 4.051639411992599 4.054129528494812 4.058814622076896 4.066276259020199 4.077031129651194 4.0914856451476025 4.1098865209361675 4.1322652783657565 4.1583769664239885 4.187640803142154 4.219104051640287 4.251464057413063 4.2831755593625 4.312618581506619 4.338254683131136 4.358742837154258 4.373018174909785 4.380343966397591 0.0 0.0 0.0 0.0 0.0 0.0 0.0 0.0 0.0 0.0 0.0 0.0 0.0 4.4744033878330205 4.474386202229995 4.474362164478887 4.474345338287172
4.043993913782589 4.043504515158389 4.042680069915573 4.0418189110773906 4.041343515831772 4.0417728322450674 4.0436887995275645 4.047699087850098 4.054397659513748 4.0643239420991595 4.077920268667638 4.095485887068886 4.1171245533312995 4.142682382439974 4.171675671231735 4.203220207133623 4.236001251225636 4.2683591326019235 4.298532659710511 4.32486566741198 4.345934686506104 4.3606223108295765 4.368161258325954 0.0 0.0 0.0 0.0 0.0 0.0 0.0 0.0 0.0 0.0 0.0 0.0 0.0 4.468709784445987 4.468673391765054 4.468622935588001 4.468587882493922
4.0364479522132015 4.035820804690781 4.034718275480637 4.033434344856183 4.032386908360434 4.032092193925111 4.033133766862931 4.036128092251085 4.041688403190547 4.0503880802868 4.062723797240533 4.079077017968855 4.0996693572808445 4.124502000761358 4.153262828499734 4.185187422505708 4.218907848306902 4.2524751527839815 4.283862950401675 4.311254558794291 4.333148606819749 4.348395307986471 4.35621558483226 0.0 0.0 0.0 0.0 0.0 0.0 0.0 0.0 0.0 0.0 0.0 0.0 0.0 4.461375729821894 4.461298102867252 4.461192178228694 4.461119537203582
4.03032837324013 4.029518707100686 4.0280487776659815 4.026208630353271 4.024412144645941 4.023173497987508 4.023078655786104 4.024753877436139 4.028833292309125 4.035927514743467 4.046594918840244 4.061315994223819 4.08046733442498 4.104280865623231 4.132748201797715 4.165387935164262 4.200800287487312 4.236326237561738 4.269486441393756 4.298295930714738 4.321225541114396 4.337143402719759 4.345292802152774 0.0 0.0 0.0 0.0 0.0 0.0 0.0 0.0 0.0 0.0 0.0 0.0 0.0 4.452121902397734 4.4519544163886975 4.451732378394692 4.451583423497398
4.0261481292650805 4.025120731115056 4.023212933978159 4.020710701739531 4.018023509090714 4.015662632339099 4.0142147982360505 4.014313175153122 4.016608076678504 4.0217403063050225 4.030320963509577 4.0429226337569935 4.060086677775291 4.082342904568678 4.110196271919339 4.143887364207072 4.182364132043041 4.220934320552657 4.256477928586481 4.286993026413156 4.311073975303637 4.327700797943828 4.336188082194038 0.0 0.0 0.0 0.0 0.0 0.0 0.0 0.0 0.0 0.0 0.0 0.0 0.0 4.440779896366472 4.440411477087136 4.439948022309732 4.439648387257556
4.024436765028265 4.023166991218637 4.020771750599417 4.017532262994187 4.013852371134486 4.010238315844159 4.007273956842987 4.005593249462748 4.005852378943488 4.008705031200973 4.014786509229153 4.024717181496322 4.039145843171542 4.058872604926109 4.085108349564029 4.119798439282965 4.164595822158549 4.207768798614434 4.246178402398163 4.278450450220332 4.303605566745868 4.320855696716096 4.329630913172766 0.0 0.0 0.0 0.0 0.0 0.0 0.0 0.0 0.0 0.0 0.0 0.0 0.0 4.427372754988877 4.426535170422058 4.4255773662871345 4.424994833150938
4.0257006359681435 4.024174942429643 4.0212647009475875 4.017245371756463 4.012513424441471 4.007567253523537 4.002983332881547 3.9993889786464822 3.9974335929592772 3.997761199866301 4.00098917665969 4.007703443648939 4.018496334355978 4.034128836230434 4.056118908449669 4.089019533853909 4.150148423226822 4.199265412997228 4.240230361182482 4.273773031218302 4.299620284336578 4.317248236491525 4.326192933615926 0.0 0.0 0.0 0.0 0.0 0.0 0.0 0.0 0.0 0.0 0.0 0.0 0.0 4.41228228355706 4.4102724465128 4.408339174338458 4.4072744790579375
4.03038007893615 4.028596047384803 4.025165407307435 4.020356699760273 4.01455716992753 4.008254628304927 4.002014147351236 3.996450321076573 3.9921959702237677 3.9898682675976858 3.990033019312834 3.9931661149776296 3.999603048729661 4.009431231957674 4.0221148154498465 4.034858635972547 0.0 0.0 0.0 0.0 0.0 0.0 0.0 0.0 0.0 0.0 0.0 0.0 0.0 0.0 0.0 0.0 0.0 0.0 0.0 0.0 4.3966834302730895 4.391453895227536 4.387784759574206 4.386057232324222
4.038808052987852 4.036773892833244 4.032838695967777 4.027262952941588 4.020423041113229 4.012794088385925 4.004927282533239 3.9974217302443993 3.9908908546664263 3.985922854935822 3.983033328067295 3.9826041794892615 3.984792355142185 3.989365424062776 3.9953655930367895 4.000463941115055 0.0 0.0 0.0 0.0 0.0 0.0 0.0 0.0 0.0 0.0 0.0 0.0 0.0 0.0 0.0 0.0 0.0 0.0 0.0 0.0 4.383874306041721 4.368740050373402 4.36301236671645 4.3608595340269725
4.051174513223063 4.04890804421942 4.0445033751794135 4.03821191881813 4.0303978613251115 4.021522330755701 4.012121822790283 4.002780543820136 3.9940961954808336 3.986638329754829 3.980897406718914 3.9772205465827457 3.9757262690324335 3.976187218250005 3.977881220595251 3.979496269090857 0.0 0.0 0.0 0.0 0.0 0.0 0.0 0.0 0.0 0.0 0.0 0.0 0.0 0.0 0.0 0.0 0.0 0.0 0.0 0.0 0.0 4.3345767959564805 4.332696049141771 4.331562014627542
4.067500077305103 4.065027243113306 4.060204450477791 4.053273080118695 4.044584022005255 4.034583598634729 4.023793836201624 4.012786486563451 4.002150229020991 3.992450492752575 3.984181297693599 3.9777085902526026 3.9732057268168206 3.9705873425400355 3.9694664731022216 3.969206381850854 0.0 0.0 0.0 0.0 0.0 0.0 0.0 0.0 0.0 0.0 0.0 0.0 0.0 0.0 0.0 0.0 0.0 0.0 0.0 0.0 0.0 4.30073971978597 4.3000864489034125 4.299588832614838
4.087621537354236 4.084974547596236 4.079797490902712 4.072320733106996 4.062880750661027 4.051908285375108 4.039911189095528 4.027451207436851 4.015114183226949 4.003473576992272 3.9930478759061976 3.9842536942541327 3.977358959905564 3.9724461451167126 3.969406042787951 3.967996380118121 0.0 0.0 0.0 0.0 0.0 0.0 0.0 0.0 0.0 0.0 0.0 0.0 0.0 0.0 0.0 0.0 0.0 0.0 0.0 0.0 0.0 4.2664611281235345 4.266225955199435 4.266023172640486
4.111190599156679 4.108405830890384 4.102946637148948 4.09503123845992 4.084980321249131 4.073207833086189 4.060206985200882 4.046530573441173 4.032765119792678 4.019499008367781 4.007285780667834 3.9966052136588597 3.987827038120177 3.9811854828447863 3.97677678319101 3.974592879418864 0.0 0.0 0.0 0.0 0.0 0.0 0.0 0.0 0.0 0.0 0.0 0.0 0.0 0.0 0.0 0.0 0.0 0.0 0.0 0.0 0.0 4.2317547691486554 4.231669705439716 4.231591366846305
4.137686008274193 4.134801809998961 4.1291364465398255 4.120894626447362 4.110379432071641 4.097986046996695 4.0841913072565905 4.069538019633129 4.054613473867659 4.0400223577533465 4.026355313263429 4.014155610993002 4.0038878368595086 3.995913919210093 3.990482612157914 3.9877369134713034 0.0 0.0 0.0 0.0 0.0 0.0 0.0 0.0 0.0 0.0 0.0 0.0 0.0 0.0 0.0 0.0 0.0 0.0 0.0 0.0 0.0 4.196828990215709 4.196802192249416 4.196776758652644
4.166438028434891 4.163492563507669 4.157696514681537 4.149239444984952 4.13840451225544 4.125565286476852 4.111179051835168 4.095775337113574 4.079938949169411 4.064287598566429 4.049445158245835 4.036012496957288 4.0245384598923035 4.015493689127705 4.009249376965804 4.006061750110243 0.0 0.0 0.0 0.0 0.0 0.0 0.0 0.0 0.0 0.0 0.0 0.0 0.0 0.0 0.0 0.0 0.0 0.0 0.0 0.0 0.0 4.1618617298215055 4.161864897083054 4.161868194626607
4.19666313156807 4.193692380950758 4.187836675080672 4.179268569281028 4.168248518248035 4.1551248046283105 4.140330621017819 4.124376840965926 4.10783958546567 4.091342535755716 4.075534833924643 4.061066029496525 4.04855948191542 4.038584560685805 4.031625968183247 4.028047025422317 0.0 0.0 0.0 0.0 0.0 0.0 0.0 0.0 0.0 0.0 0.0 0.0 0.0 0.0 0.0 0.0 0.0 0.0 0.0 0.0 0.0 4.126903542092274 4.126939087228399 4.1269739324996655
4.227505804331038 4.2245418279739235 4.218689614870983 4.210102729875752 4.199015846780369 4.185747671204406 4.17070165911272 4.154362875506007 4.137289975167685 4.12010222719366 4.103462466846433 4.08805740217512 4.074576180284709 4.063685673699933 4.055995961297186 4.052003640759776 0.0 0.0 0.0 0.0 0.0 0.0 0.0 0.0 0.0 0.0 0.0 0.0 0.0 0.0 0.0 0.0 0.0 0.0 0.0 0.0 0.0 4.091837739930538 4.091940212790697 4.092039080223141
4.258083659646061 4.255153194917376 4.249357029773585 4.240827810358406 4.2297713164838555 4.216472119949258 4.20129760648571 4.18469853767871 4.167205075983866 4.149418340573242 4.1319988360994975 4.115654027531498 4.101127026925369 4.089184988807386 4.080595963700809 4.076062913372344 0.0 0.0 0.0 0.0 0.0 0.0 0.0 0.0 0.0 0.0 0.0 0.0 0.0 0.0 0.0 0.0 0.0 0.0 0.0 0.0 0.0 4.056366493112521 4.05663796635788 4.056892198804036
4.287531677387395 4.284655131404342 4.278955075222002 4.270541598828353 4.259588803736227 4.2463427996159355 4.231128492295572 4.214353166925196 4.1965057493125535 4.178152067873495 4.159928295055967 4.142536773941433 4.126750003953026 4.113427474842269 4.103538672074456 4.098141229572066 0.0 0.0 0.0 0.0 0.0 0.0 0.0 0.0 0.0 0.0 0.0 0.0 0.0 0.0 0.0 0.0 0.0 0.0 0.0 0.0 0.0 4.019987599056268 4.0207076925094976 4.0213455208018205
4.315041506206571 4.312232374672744 4.306654968397557 4.298395757958333 4.287595161461404 4.274457370727805 4.259259186927366 4.242355637635393 4.2241811162816765 4.2052464774622305 4.1861349994875905 4.167503699964172 4.150101990517134 4.134828288822619 4.122854513587401 4.115823331380392 0.0 0.0 0.0 0.0 0.0 0.0 0.0 0.0 0.0 0.0 0.0 0.0 0.0 0.0 0.0 0.0 0.0 0.0 0.0 0.0 0.0 3.981882606422347 3.9838331258757984 3.9853909160417236
4.339892422297837 4.337157139671044 4.33171524655973 4.3236294060949785 4.313005623270641 4.300004340416254 4.284850512544115 4.267840096182738 4.249341320496554 4.22979079896402 4.209687111497971 4.189588599723819 4.170130218066021 4.152094916972716 4.136639563370893 4.126008708084685 0.0 0.0 0.0 0.0 0.0 0.0 0.0 0.0 0.0 0.0 0.0 0.0 0.0 0.0 0.0 0.0 0.0 0.0 0.0 0.0 0.0 3.9404962973657396 3.945972807162507 3.9495739259777523
4.361471755538302 4.358809952405237 4.353503397502935 4.345591904080364 4.335148072724008 4.322289130329151 4.307187500872909 4.290077109933025 4.271253191370579 4.251064719833406 4.229900367021933 4.208170876386808 4.186292702630004 4.164678664103415 4.143735385676073 4.123821231274168 4.104847435966592 0.0 0.0 0.0 0.0 0.0 0.0 0.0 0.0 0.0 0.0 0.0 0.0 0.0 0.0 0.0 0.0 0.0 0.0 0.0 3.859633610454325 3.892122423279871 3.908357976446937 3.915638471350059
4.379284225113974 4.3766893438124255 4.3715062254293775 4.363754116060544 4.353475281282451 4.340747178514395 4.325692993077944 4.308487104432474 4.2893526239458435 4.268549130775566 4.246349669083413 4.223005989771534 4.198697521793214 4.1734456330679 4.146927980225787 4.117973467891945 4.083004119431569 4.030974914284027 3.9795444730310963 3.928095424281963 3.8772003329933193 3.827894193642484 3.7813973550534197 3.7389731961015613 3.7018318212075405 3.671053779426899 3.6475267613715583 3.6318944564414775 3.6245189795422172 3.6254593540575892 3.634469749585196 3.6510236486572274 3.6743759873890878 3.7036904146982805 3.738301644135212 3.778317749840469 3.8262352955064483 3.8586065498301125 3.877966091651681 3.887068452138566
4.392951408902036 4.39041161305113 4.385330133581905 4.377709291957438 4.36756623024385 4.35494516285967 4.3399276252965615 4.322636946969686 4.303233653007625 4.281899373709207 4.25880768269096 4.234080338108629 4.207725294643988 4.1795462029377415 4.148999580932121 4.114966160054665 4.075501869367303 4.028462538647748 3.9786206151499277 3.9277299329893554 3.8770481444696787 3.8278286194228377 3.7813683511911833 3.738959865923166 3.701824941775297 3.6710487695500413 3.6475204393069505 3.6318829470086986 3.6244952861042963 3.6254090012487983 3.634361601181246 3.6507893833754856 3.6738619418291565 3.7025368513102443 3.7356113077178446 3.7716416419426384 3.808108472073703 3.836921850306398 3.8560837163381563 3.8655695648170227
4.402204148578906 4.399703458022855 4.394694124610793 4.387166409447172 4.377119476167556 4.364573612707023 4.349580174705597 4.332225274399651 4.312623721088876 4.290900710925974 4.26716003999792 4.241438963851413 4.2136512889477 4.183522875184427 4.1505318893300345 4.11389515433615 4.072733600542479 4.026758250627304 3.977759478243738 3.9273223498076466 3.876860147383876 3.8277427494372525 3.7813290813205125 3.738941462768592 3.7018153297405982 3.6710417193732368 3.6475115246675167 3.631866741312136 3.6244620405209487 3.6253387854138226 3.634212451180231 3.6504726739519833 3.6731916001605365 3.70112798375034 3.73269520255552 3.765821003281888 3.7975847252624226 3.8238162301276617 3.842116500776087 3.851446923285013
4.4068717089457605 4.404391295589954 4.399419364923279 4.391939901481949 4.381942690498114 4.369435500532096 4.354453845054174 4.337064260148689 4.317357552063595 4.295429598166455 4.27134895581018 4.2451128709301935 4.216596957984164 4.1855106467059615 4.151384013002791 4.113636159286689 4.071805528318786 4.025997986043275 3.9773011287145823 3.927080166323085 3.876740533063903 3.8276857607143584 3.7813023365105876 3.7389287267785387 3.701808608102363 3.67103675725897 3.6475052387039697 3.631855329478084 3.624438702440665 3.62528975891641 3.6341092568977995 3.650256893157582 3.6727464341477263 3.7002307777910297 3.7309580227496104 3.7626863584517882 3.7926123371288414 3.817600845010892 3.835335757769356 3.8444892999542297
0.0 0.0 0.0 0.0 0.0 0.0 0.0 0.0 0.0 0.0 0.0 0.0 0.0 0.0 0.0 0.0 0.0 0.0 0.0 0.0 0.0 0.0 0.0 0.0 0.0 0.0 0.0 0.0 0.0 0.0 0.0 0.0 0.0 0.0 0.0 0.0 0.0 0.0 0.0 0.0
0.0 0.0 0.0 0.0 0.0 0.0 0.0 0.0 0.0 0.0 0.0 0.0 0.0 0.0 0.0 0.0 0.0 0.0 0.0 0.0 0.0 0.0 0.0 0.0 0.0 0.0 0.0 0.0 0.0 0.0 0.0 0.0 0.0 0.0 0.0 0.0 0.0 0.0 0.0 0.0
0.0 0.0 0.0 0.0 0.0 0.0 0.0 0.0 0.0 0.0 0.0 0.0 0.0 0.0 0.0 0.0 0.0 0.0 0.0 0.0 0.0 0.0 0.0 0.0 0.0 0.0 0.0 0.0 0.0 0.0 0.0 0.0 0.0 0.0 0.0 0.0 0.0 0.0 0.0 0.0
0.0 0.0 0.0 0.0 0.0 0.0 0.0 0.0 0.0 0.0 0.0 0.0 0.0 0.0 0.0 0.0 0.0 0.0 0.0 0.0 0.0 0.0 0.0 0.0 0.0 0.0 0.0 0.0 0.0 0.0 0.0 0.0 0.0 0.0 0.0 0.0 0.0 0.0 0.0 0.0
0.0 0.0 0.0 0.0 0.0 0.0 0.0 0.0 0.0 0.0 0.0 0.0 0.0 0.0 0.0 0.0 0.0 0.0 0.0 0.0 0.0 0.0 0.0 0.0 0.0 0.0 0.0 0.0 0.0 0.0 0.0 0.0 0.0 0.0 0.0 0.0 0.0 0.0 0.0 0.0
0.0 0.0 0.0 0.0 0.0 0.0 0.0 0.0 0.0 0.0 0.0 0.0 0.0 0.0 0.0 0.0 0.0 0.0 0.0 0.0 0.0 0.0 0.0 0.0 0.0 0.0 0.0 0.0 0.0 0.0 0.0 0.0 0.0 0.0 0.0 0.0 0.0 0.0 0.0 0.0
0.0 0.0 0.0 0.0 0.0 0.0 0.0 0.0 0.0 0.0 0.0 0.0 0.0 0.0 0.0 0.0 0.0 0.0 0.0 0.0 0.0 0.0 0.0 0.0 0.0 0.0 0.0 0.0 0.0 0.0 0.0 0.0 0.0 0.0 0.0 0.0 0.0 0.0 0.0 0.0
0.0 0.0 0.0 0.0 0.0 0.0 0.0 0.0 0.0 0.0 0.0 0.0 0.0 0.0 0.0 0.0 0.0 0.0 0.0 0.0 0.0 0.0 0.0 0.0 0.0 0.0 0.0 0.0 0.0 0.0 0.0 0.0 0.0 0.0 0.0 0.0 0.0 0.0 0.0 0.0
0.0 0.0 0.0 0.0 0.0 0.0 0.0 0.0 0.0 0.0 0.0 0.0 0.0 0.0 0.0 0.0 0.0 0.0 0.0 0.0 0.0 0.0 0.0 0.0 0.0 0.0 0.0 0.0 0.0 0.0 0.0 0.0 0.0 0.0 0.0 0.0 0.0 0.0 0.0 0.0
0.0 0.0 0.0 0.0 0.0 0.0 0.0 0.0 0.0 0.0 0.0 0.0 0.0 0.0 0.0 0.0 0.0 0.0 0.0 0.0 0.0 0.0 0.0 0.0 0.0 0.0 0.0 0.0 0.0 0.0 0.0 0.0 0.0 0.0 0.0 0.0 0.0 0.0 0.0 0.0
