1.5954602797488402
0.0 1.9762137696385 1.984519097126614 1.9924627249370388 1.9998550996662687 2.006527292883333 2.012305111680142 2.016992472518534 2.020358785156552 2.022144227194141
1.9730390939851974 1.9825623575171227 1.9915391372633207 1.9999941112096007 2.007811724404909 2.0148500752713794 2.0209539282098334 2.02594429417168 2.029589914703662 2.031545820297928
1.9775323863686665 1.9870378707681682 1.9963831597901658 2.0052053778366816 2.013342132950262 2.0206677681803837 2.0270608762146622 2.032395105229895 2.0365092076800484 2.0387773816303536
1.978278252038076 1.988964525505125 1.9987845059999259 2.007872361778944 2.016200794094689 2.023696542695385 2.030284024130719 2.0359266027678946 2.040986506842907 2.043862216358421
1.9736591728685113 0.0 0.0 0.0 0.0 0.0 0.0 2.0356499361394826 2.0431439755786247 2.0471832000072854
1.9734175283001563 0.0 0.0 0.0 0.0 0.0 0.0 0.0 2.0441512992314426 2.049761205950922
1.9777817696180553 0.0 0.0 0.0 0.0 0.0 0.0 0.0 2.0473845987392245 2.053120571687457
1.987255989914189 1.9961801087056863 2.0047958409361044 2.0131457296783326 2.021222642713507 2.029027715004913 2.0366256221260377 2.0442719835682173 2.0527994736239266 2.0573381227306613
1.9936720759510358 2.002679936590165 2.0115690360757736 2.0202304489830034 2.028599316411859 2.0366239048217234 2.044249549138271 2.0513699708652453 2.0575957287252127 2.0611154991883898
1.9969762357037435 2.006089157692431 2.0151073418804595 2.023909874205469 2.0324044160663854 2.040499389697871 2.0480613858857213 2.054830011788475 2.0602515768925076 2.063299994500402
