2.5509552423191706
0.0 3.087946883190309 3.1205960814206124 3.1505972034319627 3.177296981984446 3.2003210778250617 3.2193868604350424 3.2342157635827204 3.2444733723463712 3.2497436131504873
3.0723288052319186 3.111023983240155 3.1453825671049613 3.176170315473296 3.2033169462784485 3.2266455084124916 3.2459743950957174 3.2611030963986516 3.2717436076280335 3.277276359773624
3.088802038904194 3.1264296441969592 3.1615646844715526 3.1930408899143865 3.2206467645940164 3.244309945444732 3.263971049331208 3.2795840915235903 3.2911663424148796 3.297363738872928
3.0890335223330347 3.1322020542536264 3.1691263215741454 3.201322147437405 3.2292851615407603 3.2531812081175633 3.2730725149688644 3.2890205951149993 3.302836905258545 3.310500576816175
3.0669569889800936 0.0 0.0 0.0 0.0 0.0 0.0 3.287326075527177 3.3073530792755883 3.3180146488313382
3.064562348122079 0.0 0.0 0.0 0.0 0.0 0.0 0.0 3.3077476586683705 3.3228058592208187
3.0814200986987115 0.0 0.0 0.0 0.0 0.0 0.0 0.0 3.313954231847679 3.329286745974883
3.1172676266998285 3.1491516133676614 3.1784879912378874 3.205780092232191 3.2312785476686026 3.255213103100594 3.2779739955800493 3.300487942938414 3.3253212882706262 3.337812313945576
3.1401690324482567 3.1708467273431387 3.1998609537793974 3.227089531931232 3.2525625561971605 3.2763347687503046 3.298430759963502 3.3187012908074656 3.336155946762897 3.345736599295878
3.1514345616658384 3.181777346664043 3.210615243242586 3.2377674970570927 3.2631655697892 3.2867396044791226 3.3082832616211038 3.327212407343773 3.342115763960857 3.350318939538128
