1.5344784295963603
0.0 3.2477607305745 3.2297525026859963 3.2365733603982587 3.2795942356687346 3.3101847604555874 3.328168983311242 3.3332340683162167 3.3250685837150202 3.303453424258826
3.2406160081151993 3.209829839596672 3.1923491474054657 3.1879397621106706 0.0 0.0 0.0 0.0 0.0 3.268324291209356
3.2151145986588636 3.188952553074739 3.172116023550909 3.165075460939121 0.0 0.0 0.0 0.0 0.0 3.219817322837149
3.2026603958206117 0.0 0.0 0.0 0.0 0.0 0.0 0.0 0.0 3.1582955925688263
3.1767279876375607 0.0 0.0 0.0 0.0 0.0 0.0 0.0 0.0 3.084341306543573
3.1373874846318475 0.0 0.0 0.0 0.0 0.0 0.0 0.0 0.0 2.998690564829203
3.084858208470755 0.0 0.0 0.0 0.0 0.0 0.0 0.0 0.0 2.902094578922079
3.0194825617642542 0.0 0.0 0.0 0.0 0.0 0.0 2.779555923070839 2.773110552572074 2.7951374281439483
2.941647403497675 2.885415253594432 2.840757868789308 2.8047769490129095 2.7765101363606606 2.7555701188111645 2.741851479655666 2.7356949436926183 2.733006289094451 2.7379429692226496
2.9079430577236116 2.861685994458123 2.8199329107228897 2.784944454565088 2.7571109249519363 2.7363407206459196 2.7223761462231546 2.7146557879835016 2.7114185969365137 2.7119927118356877
