1.9118180107671248
0.0 2.5067938547287425 2.4837145271012537 2.463764881695462 2.4471538791563017 2.4337474721802344 2.4232954011840264 2.415545704962088 2.4103389081137867 2.4077073914490437
2.5198856795077584 2.4909985845679117 2.466980507839607 2.446899366043902 2.430401659133239 2.4171641316834953 2.406854729233397 2.399157030889219 2.3938337301141064 2.3910817161145452
2.509348505648036 2.4812191186028487 2.4566435770273407 2.436248970364879 2.41968680640081 2.406505948153326 2.396283680178107 2.3885896581421977 2.3827717024216932 2.379610095501328
2.5125887135964513 2.4784573908045417 2.45215695471606 2.431235739481936 2.414537002487346 2.4013707489265705 2.391266588706132 2.383907260478844 2.376662248975511 2.37249563783104
2.5348519578883586 0.0 0.0 0.0 0.0 0.0 0.0 2.3864272565294518 2.3747649210350557 2.3684540864205847
2.540579444318255 0.0 0.0 0.0 0.0 0.0 0.0 0.0 2.374684832316648 2.365246032361594
2.529881341116115 0.0 0.0 0.0 0.0 0.0 0.0 0.0 2.3695690051770235 2.3599493887857523
2.5030924627636293 2.478505682002817 2.4562794647590014 2.43631493082867 2.4184267165022435 2.402372522323582 2.3878063242607936 2.37409899797525 2.359787691665989 2.352678236497208
2.485364434603041 2.4610376262404343 2.439180920303028 2.419620383999084 2.4021812701220444 2.3866931408812557 2.3730137463305216 2.361105971450634 2.3513724194908243 2.346203321493822
2.4766152185152444 2.452469445783721 2.430818604860238 2.411480086044975 2.3942963959455414 2.3791503537598038 2.366016701594884 2.3550707554170778 2.346880682809932 2.342552797395329
