1.8953336670086554
0.0 2.9005284621118124 3.2892073608439722 3.020494188144183 2.318726195760254 2.009545240089464 3.710617873984093 1.499506375319036 2.643690130533956 3.3799223649550534
3.509162235799768 1.903351764376605 1.7617440679192644 2.012847881335948 1.065971007661382 1.128476746754481 1.4588672296416023 0.67168684877709 1.3510839138826136 2.476566275172115
3.614262030130482 4.0033308825576865 2.6648330080414024 3.901063043751138 3.5207093452857627 1.198588949962879 1.093088925676137 0.7262838198943202 0.5397225746548602 1.1159675219710534
1.8747687332659155 3.106829383671744 2.0166856331266243 2.687725902618582 3.4291476278291704 1.2724887559982079 0.70373253149453 3.073053403879385 2.8955249144790436 2.911131667164237
4.309467649111625 0.0 0.0 0.0 0.0 0.0 0.0 1.1426956693218795 3.2447390397642746 2.345352352509369
2.186374021086934 0.0 0.0 0.0 0.0 0.0 0.0 0.0 3.320823305393782 2.193736787219323
4.0106273783399224 0.0 0.0 0.0 0.0 0.0 0.0 0.0 2.0062553508552927 1.6527838764345049
2.3230676691300647 2.6661311021984746 2.2384133529077745 3.0548309381198893 2.740971076546527 2.4923902894206633 2.6836013142532575 2.52867000255213 1.9619479899003698 1.0911968051798566
3.3902536419796565 1.7335832933096895 1.9160940473368369 1.9753719229427413 1.3789531881570778 1.052070195558871 1.0184279821543343 3.4014741295000896 3.3441892371520026 4.210770710780782
1.0282305151457134 3.5032105568572627 2.999324113968489 4.552976439693057 3.205407921419817 3.4727994798907327 2.318990084922127 3.8017696812614497 0.7792744805590083 1.7951842895140642
