2.008648568628225
0.0 4.264156261642446 4.262869764668919 4.260621347160136 4.257632672302562 4.254111055232937 4.250268776242001 4.246321733415501 4.242481684745113 4.238947024683075 4.235894209192518 4.233470845970035 4.231790823645975 4.230931341253173 0.0 0.0 0.0 0.0 0.0 0.0 0.0 0.0 0.0 0.0 0.0 0.0 0.0 0.0 0.0 0.0 0.0 0.0 0.0 0.0 0.0 0.0 4.446435989229756 4.446435989671887 4.4464359902971555 4.446435990739285
4.264816854336204 4.264046945423111 4.262519888977143 4.260192572031589 4.257182895315892 4.253665483103543 4.249840634420212 4.245918749561449 4.242108150783748 4.2386043480371995 4.235580959481644 4.233182764433188 4.231521091503992 4.230671250681824 0.0 0.0 0.0 0.0 0.0 0.0 0.0 0.0 0.0 0.0 0.0 0.0 0.0 0.0 0.0 0.0 0.0 0.0 0.0 0.0 0.0 0.0 4.445518980815185 4.445518981493998 4.445518982453982 4.445518983132789
4.264083448967333 4.2632602265741575 4.261639554986882 4.259264265437096 4.256246887480896 4.252749686296796 4.248964059171457 4.245094132419426 4.241343018461606 4.237901102410504 4.234936559725808 4.232588545372555 4.23096325836395 4.230132378227191 0.0 0.0 0.0 0.0 0.0 0.0 0.0 0.0 0.0 0.0 0.0 0.0 0.0 0.0 0.0 0.0 0.0 0.0 0.0 0.0 0.0 0.0 4.443727779047687 4.443727780327911 4.443727782138406 4.443727783418609
4.262654707262024 4.261811291063339 4.26016105476692 4.257776477631047 4.254777458540325 4.251324122152924 4.24760320244845 4.243813541038919 4.240152403678444 4.236803419507918 4.233926922830538 4.231653535152965 4.2300815802216425 4.229277764407574 0.0 0.0 0.0 0.0 0.0 0.0 0.0 0.0 0.0 0.0 0.0 0.0 0.0 0.0 0.0 0.0 0.0 0.0 0.0 0.0 0.0 0.0 4.44114650998386 4.441146512556022 4.441146516193553 4.441146518765636
4.260532589807657 4.259688342994129 4.258042617975878 4.255679870401191 4.2527261226142485 4.249342245839111 4.245712587538146 4.242031651526615 4.238490638756516 4.235265146793728 4.232505272594975 4.230329616264814 4.228824958012271 4.228052269872058 0.0 0.0 0.0 0.0 0.0 0.0 0.0 0.0 0.0 0.0 0.0 0.0 0.0 0.0 0.0 0.0 0.0 0.0 0.0 0.0 0.0 0.0 4.437897642394614 4.4378976476500265 4.437897655082094 4.437897660337213
4.257703364715132 4.256870160071367 4.255249784811696 4.252932175668144 4.250047133183807 4.246756526217082 4.243243186712767 4.239697870398557 4.236305673634076 4.23323317797351 4.230617718376107 4.22856092849776 4.227130821166781 4.226380104735001 0.0 0.0 0.0 0.0 0.0 0.0 0.0 0.0 0.0 0.0 0.0 0.0 0.0 0.0 0.0 0.0 0.0 0.0 0.0 0.0 0.0 0.0 4.434137630729103 4.434137641515519 4.434137656769051 4.434137667554392
4.254150947986108 4.253336360643295 4.251754948312904 4.249499390228357 4.246701647910998 4.24352423586484 4.2401487806288785 4.236762764624582 4.2335454836781174 4.230654186926701 4.228211360657862 4.226294772559686 4.224935902023862 4.224153154608584 0.0 0.0 0.0 0.0 0.0 0.0 0.0 0.0 0.0 0.0 0.0 0.0 0.0 0.0 0.0 0.0 0.0 0.0 0.0 0.0 0.0 0.0 4.4300512731515616 4.4300512953179805 4.430051326663233 4.4300513488257085
4.249867128808376 4.2490759381246095 4.24754226655253 4.245360269895271 4.242663143627915 4.239613747958345 4.236392743171435 4.233184978048495 4.230164929790025 4.227481785511295 4.225244103020414 4.223502037342405 4.222218048342565 4.221187154425176 4.219729838167171 0.0 0.0 0.0 0.0 0.0 0.0 0.0 0.0 0.0 0.0 0.0 0.0 0.0 0.0 0.0 0.0 0.0 0.0 0.0 0.0 0.0 4.425844908896858 4.425844954458374 4.425845018881836 4.4258450644289145
4.244860249453373 4.244095135907006 4.242614173290394 4.24051238543566 4.237923729439611 4.2350113006317915 4.231955132261865 4.228938320159336 4.226132236638633 4.223681448431432 4.221688564863661 4.220198543064738 4.21918127409901 4.218514661233824 4.218008692993794 4.217783365018668 4.218550995802043 4.219811454123049 4.221251963783974 4.2226491156811266 4.223836607415044 4.224693941340271 4.225142174404759 0.0 0.0 0.0 0.0 0.0 0.0 0.0 0.0 0.0 0.0 0.0 0.0 0.0 4.421738593726737 4.421738687341204 4.421738819694512 4.421738913256193
4.239162743039371 4.2384246275273885 4.236998021114868 4.234978528388408 4.232500668012268 4.22972781829571 4.226839802738154 4.224018891631049 4.221435062738074 4.219231355298885 4.217510149369438 4.21632149516513 4.21565612137139 4.21545111621562 4.215630730937742 4.216217603699913 4.2173263615388255 4.218767542901493 4.220322622934958 4.221799445198676 4.223042795137598 4.223936236581649 4.22440229127776 0.0 0.0 0.0 0.0 0.0 0.0 0.0 0.0 0.0 0.0 0.0 0.0 0.0 4.417957405538071 4.417957597731808 4.417957869397493 4.4179580613986165
4.232837412458021 4.232125651796828 4.230752022677842 4.22881258773304 4.226442382102708 4.223805213975629 4.221081138080908 4.218452430858117 4.216088998831818 4.2141342318540485 4.212692465551361 4.211819653061976 4.211519922492327 4.2117526386849065 4.212455548978518 4.213578198211416 4.21506673734612 4.21677514230014 4.218525841765632 4.220148335601929 4.221497152592388 4.222459810215991 4.222960260645924 0.0 0.0 0.0 0.0 0.0 0.0 0.0 0.0 0.0 0.0 0.0 0.0 0.0 4.414722050139203 4.414722444247206 4.414723001098435 4.41472339450499
4.225982126779736 4.2252946663811395 4.223969863665704 4.2221041989666475 4.219833260211261 4.217321485221827 4.214749602284863 4.212300631897354 4.210145431902837 4.20842887070642 4.207257856975445 4.206692718890199 4.20674382384193 4.207375486446025 4.208517612953941 4.210078960143426 4.211945135844443 4.213963526655389 4.215964372208356 4.21778378839316 4.219279532562309 4.220340138200502 4.220889625503189 0.0 0.0 0.0 0.0 0.0 0.0 0.0 0.0 0.0 0.0 0.0 0.0 0.0 4.412238964967924 4.412239771877065 4.412240911187363 4.412241715547104
4.21873256392004 4.2180660949121185 4.216783478938743 4.214981604604411 4.212796677235988 4.210393977987921 4.207955342586219 4.205665232999064 4.203696393245124 4.202196167869251 4.201274643590726 4.200995864843339 4.201373405825581 4.202371274264807 4.203909877709262 4.205874183312286 4.20811943762309 4.210476575220866 4.212767989828875 4.214825130277107 4.216502270911479 4.217685293930847 4.218296434796559 0.0 0.0 0.0 0.0 0.0 0.0 0.0 0.0 0.0 0.0 0.0 0.0 0.0 4.4106901571454475 4.410691806342153 4.410694131972036 4.410695771920656
4.211262671213727 4.210612814112424 4.209363600724176 4.207612308424223 4.205495802979406 4.2031803879081036 4.2008493981430135 4.198689402841857 4.196875988704918 4.195560153445225 4.1948563556424086 4.1948332375692035 4.19550791944388 4.196844454426751 4.19875642723076 4.201112952419277 4.2037474232911825 4.206470301494443 4.209087258672975 4.211417087276067 4.213305148613728 4.214631536321552 4.215315120573084 0.0 0.0 0.0 0.0 0.0 0.0 0.0 0.0 0.0 0.0 0.0 0.0 0.0 4.410223054721545 4.410226419562072 4.410231153734853 4.410234485085391
4.2037826143395485 4.203144140004461 4.20191782244597 4.200201259886838 4.198131946064555 4.195877284756948 4.19362238529921 4.191556485459471 4.189858940616691 4.188685745808365 4.188157513788091 4.188349707341777 4.189285706513336 4.190933004430214 4.193202628599368 4.195952202303041 4.198994361940455 4.202113553360806 4.205090803575551 4.2077257564776644 4.20985090259935 4.211338639037558 4.212103754320508 0.0 0.0 0.0 0.0 0.0 0.0 0.0 0.0 0.0 0.0 0.0 0.0 0.0 4.410940675692012 4.410947532048752 4.41095713895318 4.410963874208401
4.196534119073298 4.1959012120472625 4.19468607032049 4.192986461334354 4.1909403437852095 4.18871611997932 4.1865007244222365 4.184486375758418 4.182856902717364 4.181774559952028 4.181368155928979 4.181723092770528 4.182873542384491 4.184796506597391 4.187407265520786 4.190556671535384 4.194034427690219 4.197588171922747 4.200963715711485 4.203935440812923 4.206320858510575 4.2079847339168195 4.208838504554225 0.0 0.0 0.0 0.0 0.0 0.0 0.0 0.0 0.0 0.0 0.0 0.0 0.0 4.412892385134682 4.41290635488362 4.412925782333205 4.412939314638363
4.18978326483497 4.189149829363438 4.187933530012858 4.1862320416754315 4.184183449253109 4.181956799559469 4.179740563591835 4.177729822990438 4.1761130818470065 4.1750596108615365 4.174708119354685 4.175157252866691 4.176457811654979 4.1786055514923355 4.181532135705753 4.18509184498302 4.18904844287489 4.193088816956019 4.1969066298900914 4.20024576526854 4.202910133076515 4.204760178762569 4.205706849978694 0.0 0.0 0.0 0.0 0.0 0.0 0.0 0.0 0.0 0.0 0.0 0.0 0.0 4.416065330478804 4.416093865309767 4.416133003939164 4.416159959561585
4.18381095196557 4.183170954275341 4.18194123120465 4.180218983670697 4.17814188795077 4.175878987634959 4.173619579941326 4.171560902613277 4.169895536548525 4.168799485036391 4.168421838699941 4.168876690657944 4.170237269643501 4.172530488147303 4.175726153199358 4.179708748624448 4.184220725582022 4.188825128263114 4.1931364869931 4.1968688975030926 4.199821786592531 4.2018597958738235 4.202898953059828 0.0 0.0 0.0 0.0 0.0 0.0 0.0 0.0 0.0 0.0 0.0 0.0 0.0 4.420376133986675 4.420434857957139 4.420513370103286 4.420566393231181
4.178901425471525 4.178249256542345 4.1769946440954895 4.175233828219806 4.173103364040468 4.170771366489942 4.168426825092742 4.166267781701146 4.164489305985069 4.1632723265086184 4.162774489859043 4.163124307664983 4.16441970560638 4.166730714688194 4.170099724202676 4.174510493393446 4.179742153805947 4.185032821034155 4.189890982553549 4.194026394878396 4.1972588988737 4.199472641634419 4.200596574481802 0.0 0.0 0.0 0.0 0.0 0.0 0.0 0.0 0.0 0.0 0.0 0.0 0.0 4.425661125093128 4.425783986740114 4.425940602292874 4.426042873021474
4.175329386369466 4.174660218745552 4.1733707845674255 4.171555810667247 4.1693499038934565 4.166919136903112 4.164450750811874 4.162141728178501 4.160187151968646 4.158769456004426 4.158049979851302 4.158164879043637 4.159228849303067 4.161352863752714 4.1646845050326045 4.169459234323786 4.175848150582715 4.182007831372049 4.187437384207024 4.191942960511361 4.1954124446930114 4.197768295168383 4.198959144836478 0.0 0.0 0.0 0.0 0.0 0.0 0.0 0.0 0.0 0.0 0.0 0.0 0.0 4.4316600042470595 4.431925349891919 4.432234789503197 4.432425678857489
4.173346347331735 4.172656450509472 4.171324454241437 4.169443013614301 4.167143945023426 4.164590132243707 4.1619655581840975 4.159464134813877 4.15727814457211 4.155587269554455 4.154549471709834 4.154295726743678 4.154932943949124 4.156567693488175 4.159396127970746 4.164047272425654 4.173024007130812 4.180182588698299 4.186074722443455 4.190828172097783 4.1944412741282715 4.196878979804191 4.198107467184802 0.0 0.0 0.0 0.0 0.0 0.0 0.0 0.0 0.0 0.0 0.0 0.0 0.0 4.437978049266351 4.438583702053945 4.439182166330754 4.439518144528144
4.173166981237578 4.1724539567055166 4.171074350420314 4.169118246498511 4.166713925137388 4.1640200820898565 4.161216158369632 4.158491340230535 4.156032870927482 4.154014347269802 4.152584613742457 4.151857560472844 4.1519019041333625 4.152724780828959 4.1542190019514145 4.155929391369034 0.0 0.0 0.0 0.0 0.0 0.0 0.0 0.0 0.0 0.0 0.0 0.0 0.0 0.0 0.0 0.0 0.0 0.0 0.0 0.0 4.443980266024497 4.445486558937215 4.446579516390971 4.447107088176584
4.1749562586406475 4.1742191608715355 4.172789856300141 4.17075547181719 4.168240192224882 4.165397816839912 4.162402418924971 4.159437559439062 4.156684541475886 4.154310138023817 4.152453995211101 4.151215290464924 4.150636664010121 4.150679682176824 4.151178392052885 4.151752693867425 0.0 0.0 0.0 0.0 0.0 0.0 0.0 0.0 0.0 0.0 0.0 0.0 0.0 0.0 0.0 0.0 0.0 0.0 0.0 0.0 4.448456921755886 4.452658489458008 4.45431171670728 4.454953373090375
4.178818163761156 4.178057487857164 4.176579345978639 4.1744676631295405 4.1718421989397605 4.168851494917095 4.165663954398999 4.162457428495462 4.1594077083692795 4.15667628150727 4.154397553174439 4.1526654068828295 4.151518467720911 4.150923108151065 4.150755261826305 4.150795065622505 0.0 0.0 0.0 0.0 0.0 0.0 0.0 0.0 0.0 0.0 0.0 0.0 0.0 0.0 0.0 0.0 0.0 0.0 0.0 0.0 0.0 4.461775354801582 4.462331771299758 4.462674020267786
4.184786713344319 4.18400425046244 4.182480793915608 4.180296963812129 4.177567985207494 4.174437093139011 4.171067148223825 4.16763079022536 4.164299503344622 4.161231984417637 4.15856219747933 4.156387511450758 4.154757526417642 4.153665110144705 4.15304401422513 4.152784123065459 0.0 0.0 0.0 0.0 0.0 0.0 0.0 0.0 0.0 0.0 0.0 0.0 0.0 0.0 0.0 0.0 0.0 0.0 0.0 0.0 0.0 4.469079244151299 4.469276645892407 4.469428829906173
4.19281988075311 4.192018463135421 4.190455357425306 4.1882078953044015 4.185386832202239 4.182130270328859 4.178595910790416 4.174951935177828 4.171366886924858 4.167998995134794 4.164985480291065 4.162432561297228 4.160407275136143 4.158933044307549 4.157992383234121 4.157541724901186 0.0 0.0 0.0 0.0 0.0 0.0 0.0 0.0 0.0 0.0 0.0 0.0 0.0 0.0 0.0 0.0 0.0 0.0 0.0 0.0 0.0 4.474359507305529 4.474432109087691 4.474495192829114
4.202796859589472 4.201980032379381 4.200384414844696 4.198084152924517 4.195185711144962 4.191822351734109 4.188147085871603 4.184324374739445 4.180520940911784 4.176896149222107 4.173592549012384 4.170727370727439 4.168386084202246 4.166619566002307 4.165446821360792 4.164864882090912 0.0 0.0 0.0 0.0 0.0 0.0 0.0 0.0 0.0 0.0 0.0 0.0 0.0 0.0 0.0 0.0 0.0 0.0 0.0 0.0 0.0 4.477241378736969 4.477269451984033 4.477295524606199
4.214518904151028 4.213690568054463 4.212070317339812 4.209729267144559 4.2067698270129394 4.203320745720137 4.199530779920623 4.1955612378372225 4.191577730651671 4.187741560778623 4.184201296855034 4.181085241055799 4.178495684134763 4.176506012880594 4.175161693877081 4.174485494340742 0.0 0.0 0.0 0.0 0.0 0.0 0.0 0.0 0.0 0.0 0.0 0.0 0.0 0.0 0.0 0.0 0.0 0.0 0.0 0.0 0.0 4.477347505365492 4.4773608666763245 4.477373790786915
4.227713777777036 4.2268778449622815 4.225240878968321 4.222871143177099 4.219867242405392 4.216353715683187 4.212475402251734 4.208390801223934 4.204264713867266 4.200260532888054 4.196532627060781 4.193219363351667 4.190437405212233 4.188277986922983 4.186805779560865 4.186060518033481 0.0 0.0 0.0 0.0 0.0 0.0 0.0 0.0 0.0 0.0 0.0 0.0 0.0 0.0 0.0 0.0 0.0 0.0 0.0 0.0 0.0 4.474363393077528 4.4743758576938655 4.474388141161258
4.242043642483976 4.2412037400534315 4.239557412439828 4.237170254356066 4.234137302948618 4.2305791382653215 4.226636898672981 4.222466401076855 4.218231605260553 4.21409770619535 4.210224174191467 4.206758090809265 4.203828158138945 4.201539809846798 4.199971930788202 4.199175705217267 0.0 0.0 0.0 0.0 0.0 0.0 0.0 0.0 0.0 0.0 0.0 0.0 0.0 0.0 0.0 0.0 0.0 0.0 0.0 0.0 0.0 4.4680696023881055 4.468093730360739 4.468117393439641
4.257116047583903 4.256275291510195 4.254625932641276 4.252231071652919 4.249182386773896 4.245596684360873 4.241611496675636 4.237379893103906 4.233064701491926 4.228832348276783 4.224846509144392 4.221261712876743 4.218216984999971 4.215829646890123 4.214189693251924 4.213355944735094 0.0 0.0 0.0 0.0 0.0 0.0 0.0 0.0 0.0 0.0 0.0 0.0 0.0 0.0 0.0 0.0 0.0 0.0 0.0 0.0 0.0 4.458357139516935 4.458417013673013 4.458474765917665
4.272497529217733 4.271658379593026 4.270011003212666 4.267616166597 4.264562363243238 4.2609627426821355 4.256951207954762 4.2526778374758605 4.24830380551522 4.2439959635743305 4.239921180466754 4.236240398161634 4.2331021449291955 4.2306350690125045 4.2289393475584545 4.228078641965622 0.0 0.0 0.0 0.0 0.0 0.0 0.0 0.0 0.0 0.0 0.0 0.0 0.0 0.0 0.0 0.0 0.0 0.0 0.0 0.0 0.0 4.445226372665298 4.445382221330902 4.445528031233796
4.287729220229837 4.286893417952933 4.285251593587997 4.282862323882466 4.279811058447861 4.2762073425078 4.272181313292253 4.267879631753711 4.263461030888885 4.259091649282026 4.254940239944726 4.251173138023898 4.247948433601829 4.24540802317383 4.243665364347313 4.242788166330017 0.0 0.0 0.0 0.0 0.0 0.0 0.0 0.0 0.0 0.0 0.0 0.0 0.0 0.0 0.0 0.0 0.0 0.0 0.0 0.0 0.0 4.428757170519155 4.429169481180304 4.42953421634723
4.302343790640414 4.30151236716007 4.299878241681746 4.297497935552595 4.2944539727223985 4.290852298374968 4.286819049504415 4.2824968555952205 4.278040884037288 4.2736148674563115 4.269387335652659 4.265528152796407 4.262205005322911 4.259578002521023 4.257786261780691 4.256911459373446 0.0 0.0 0.0 0.0 0.0 0.0 0.0 0.0 0.0 0.0 0.0 0.0 0.0 0.0 0.0 0.0 0.0 0.0 0.0 0.0 0.0 4.409011399837896 4.410124548973996 4.411012098705014
4.315882991677655 4.315056337198097 4.313430776723067 4.31106091365658 4.308026466169019 4.30442977409248 4.300392693321455 4.296053067503166 4.291561025000174 4.28707543106519 4.282760962924395 4.278786524691994 4.2753260937609046 4.272562976462394 4.270692942927786 4.2698808833515605 0.0 0.0 0.0 0.0 0.0 0.0 0.0 0.0 0.0 0.0 0.0 0.0 0.0 0.0 0.0 0.0 0.0 0.0 0.0 0.0 0.0 4.385750125040176 4.388860190844627 4.390899540899489
4.327915059345192 4.327093030723003 4.325475845114795 4.323116349346561 4.320091617278259 4.316500438162372 4.312460172103032 4.308103148098332 4.303572839532614 4.299020158864822 4.294600459793214 4.290472496287181 4.286802560649169 4.2837835519058896 4.281702826622852 4.281191432307929 4.284228492559021 0.0 0.0 0.0 0.0 0.0 0.0 0.0 0.0 0.0 0.0 0.0 0.0 0.0 0.0 0.0 0.0 0.0 0.0 0.0 4.339030184616543 4.357584866469042 4.366759032189406 4.370845405053414
4.338051245901714 4.337233293330809 4.335623499909414 4.333273166324053 4.330256975443856 4.326670375286881 4.322626254280327 4.318251033734184 4.313680323525357 4.30905432263114 4.3045132339204 4.300193174786309 4.29622346904586 4.292726396268618 4.2898164908522975 4.287562841993725 4.285666870943197 4.281391912549824 4.274645685488315 4.266168638566441 4.256545811167493 4.246341105429933 4.236130613671775 4.226498882148772 4.218019973178044 4.2112325463936005 4.206613946476122 4.204556601211658 4.205349204585418 4.209164752762976 4.216057575406861 4.225972520289087 4.238772648627108 4.25430063469095 4.272514180305913 4.29381353790349 4.31994509055997 4.3377713738000585 4.348422466791864 4.3534173680132
4.34596078894004 4.345146081040522 4.343542163572923 4.3411990724589495 4.338189490048373 4.334605977186654 4.330557391756919 4.326164546424172 4.321555121452033 4.316857777463799 4.31219529012755 4.307676289978985 4.303384586000214 4.299363172863282 4.2955839902693045 4.2918774323192075 4.287765688096045 4.282234777974038 4.275006809962325 4.2663293587695055 4.256618780238544 4.246374512441893 4.236145858811809 4.226505592937721 4.218022374417249 4.211232190869472 4.206610738125971 4.204548811120728 4.205332527608889 4.209129854021339 4.2159845880007465 4.225818739810007 4.238443916104812 4.253580162665186 4.27086836441688 4.28980102216187 4.309210355131726 4.324638171943044 4.334907192670773 4.339986694903311
4.351383696918294 4.350571227869128 4.348971354364643 4.346633208966255 4.343628021214356 4.3400462067729055 4.335993542962191 4.331586416785814 4.326946046202814 4.322191428522755 4.317430540307395 4.3127489707298805 4.3081946651384655 4.303756725445337 4.299335444482297 4.294702154331923 4.289463217607617 4.2831155551446 4.2754398755147776 4.266537026662769 4.256716973599157 4.2464204782089 4.236167091604315 4.226515000169898 4.2180257498939575 4.211231685749127 4.206606210708953 4.204537835743018 4.205309099237992 4.209081088960997 4.21588360206133 4.225609805050591 4.238012058474771 4.252690812231411 4.269057476138564 4.286229018703924 4.302788123636362 4.316517418942495 4.326109868822041 4.331001535434213
4.35414082430077 4.3533294942849645 4.351731673582758 4.349396022689649 4.346393004316363 4.342811886601477 4.338756772725972 4.334341604296092 4.329683975350134 4.324897414753739 4.320081542466658 4.31530921569855 4.310609611403497 4.305946616757817 4.301194150470898 4.2961168609037115 4.290380347300996 4.2836374450529755 4.275714214009884 4.266674423603479 4.256783719958718 4.246452238463662 4.236181904835364 4.226521598985692 4.2180281233657775 4.211231327062456 4.206603016036607 4.204530102625153 4.205292634716813 4.209046977788536 4.215813535719909 4.225466866802293 4.237723589180967 4.252119883816216 4.2679669802124875 4.284277522997687 4.299695979652078 4.312605589525646 4.3217826326786675 4.326522195455026
0.0 0.0 0.0 0.0 0.0 0.0 0.0 0.0 0.0 0.0 0.0 0.0 0.0 0.0 0.0 0.0 0.0 0.0 0.0 0.0 0.0 0.0 0.0 0.0 0.0 0.0 0.0 0.0 0.0 0.0 0.0 0.0 0.0 0.0 0.0 0.0 0.0 0.0 0.0 0.0
0.0 0.0 0.0 0.0 0.0 0.0 0.0 0.0 0.0 0.0 0.0 0.0 0.0 0.0 0.0 0.0 0.0 0.0 0.0 0.0 0.0 0.0 0.0 0.0 0.0 0.0 0.0 0.0 0.0 0.0 0.0 0.0 0.0 0.0 0.0 0.0 0.0 0.0 0.0 0.0
0.0 0.0 0.0 0.0 0.0 0.0 0.0 0.0 0.0 0.0 0.0 0.0 0.0 0.0 0.0 0.0 0.0 0.0 0.0 0.0 0.0 0.0 0.0 0.0 0.0 0.0 0.0 0.0 0.0 0.0 0.0 0.0 0.0 0.0 0.0 0.0 0.0 0.0 0.0 0.0
0.0 0.0 0.0 0.0 0.0 0.0 0.0 0.0 0.0 0.0 0.0 0.0 0.0 0.0 0.0 0.0 0.0 0.0 0.0 0.0 0.0 0.0 0.0 0.0 0.0 0.0 0.0 0.0 0.0 0.0 0.0 0.0 0.0 0.0 0.0 0.0 0.0 0.0 0.0 0.0
0.0 0.0 0.0 0.0 0.0 0.0 0.0 0.0 0.0 0.0 0.0 0.0 0.0 0.0 0.0 0.0 0.0 0.0 0.0 0.0 0.0 0.0 0.0 0.0 0.0 0.0 0.0 0.0 0.0 0.0 0.0 0.0 0.0 0.0 0.0 0.0 0.0 0.0 0.0 0.0
0.0 0.0 0.0 0.0 0.0 0.0 0.0 0.0 0.0 0.0 0.0 0.0 0.0 0.0 0.0 0.0 0.0 0.0 0.0 0.0 0.0 0.0 0.0 0.0 0.0 0.0 0.0 0.0 0.0 0.0 0.0 0.0 0.0 0.0 0.0 0.0 0.0 0.0 0.0 0.0
0.0 0.0 0.0 0.0 0.0 0.0 0.0 0.0 0.0 0.0 0.0 0.0 0.0 0.0 0.0 0.0 0.0 0.0 0.0 0.0 0.0 0.0 0.0 0.0 0.0 0.0 0.0 0.0 0.0 0.0 0.0 0.0 0.0 0.0 0.0 0.0 0.0 0.0 0.0 0.0
0.0 0.0 0.0 0.0 0.0 0.0 0.0 0.0 0.0 0.0 0.0 0.0 0.0 0.0 0.0 0.0 0.0 0.0 0.0 0.0 0.0 0.0 0.0 0.0 0.0 0.0 0.0 0.0 0.0 0.0 0.0 0.0 0.0 0.0 0.0 0.0 0.0 0.0 0.0 0.0
0.0 0.0 0.0 0.0 0.0 0.0 0.0 0.0 0.0 0.0 0.0 0.0 0.0 0.0 0.0 0.0 0.0 0.0 0.0 0.0 0.0 0.0 0.0 0.0 0.0 0.0 0.0 0.0 0.0 0.0 0.0 0.0 0.0 0.0 0.0 0.0 0.0 0.0 0.0 0.0
0.0 0.0 0.0 0.0 0.0 0.0 0.0 0.0 0.0 0.0 0.0 0.0 0.0 0.0 0.0 0.0 0.0 0.0 0.0 0.0 0.0 0.0 0.0 0.0 0.0 0.0 0.0 0.0 0.0 0.0 0.0 0.0 0.0 0.0 0.0 0.0 0.0 0.0 0.0 0.0
