1.270322645788911
0.0 2.6737252447869633 2.674343663838378 2.675449428997183 2.6769588042690415 2.6787942840567496 2.6808714083755025 2.683094219298548 2.6853541238378105 2.687530968670213 2.6894965517393836 2.6911214114676456 2.6922857873675223 2.6928947177976177 0.0 0.0 0.0 0.0 0.0 0.0 0.0 0.0 0.0 0.0 0.0 0.0 0.0 0.0 0.0 0.0 0.0 0.0 0.0 0.0 0.0 0.0 2.834248622469044 2.8342486218222036 2.8342486209074362 2.8342486202606
2.6735943742562744 2.673915448272677 2.674655618939991 2.675828928049292 2.6773939689953483 2.6792874094491115 2.681430400582604 2.6837293884370594 2.6860762201485606 2.6883489942994476 2.6904146778120746 2.6921348787724004 2.693376642434532 2.6940298444476167 0.0 0.0 0.0 0.0 0.0 0.0 0.0 0.0 0.0 0.0 0.0 0.0 0.0 0.0 0.0 0.0 0.0 0.0 0.0 0.0 0.0 0.0 2.8340204678349137 2.8340204668192635 2.8340204653829253 2.834020464367286
2.6740925659363213 2.6744984664341374 2.675334584687248 2.676599416537321 2.678260602104263 2.6802632756698306 2.68253436411981 2.684983851919612 2.6875047004213473 2.6899724525077113 2.6922455224688027 2.6941679742215583 2.6955783789679897 2.696330545163423 0.0 0.0 0.0 0.0 0.0 0.0 0.0 0.0 0.0 0.0 0.0 0.0 0.0 0.0 0.0 0.0 0.0 0.0 0.0 0.0 0.0 0.0 2.83354269169515 2.833542689732818 2.8335426869576894 2.8335426849953964
2.6750049616791562 2.675464497322258 2.676385160765604 2.6777549762650796 2.6795426027930866 2.681697976974612 2.6841534568891303 2.686823863270897 2.6896052084342266 2.6923720755992213 2.694973767098924 2.697230423819836 2.698933976287198 2.6998674481349734 0.0 0.0 0.0 0.0 0.0 0.0 0.0 0.0 0.0 0.0 0.0 0.0 0.0 0.0 0.0 0.0 0.0 0.0 0.0 0.0 0.0 0.0 2.8327732047500684 2.832773200727472 2.8327731950387633 2.832773191016311
2.6762785962438222 2.6767829889347263 2.677786124210348 2.6792716073648832 2.681208867109083 2.6835521158991003 2.6862399822544343 2.6891945796389094 2.6923191336497623 2.6954930716564798 2.698562871521405 2.701326678162283 2.7035137712414974 2.7047773255200904 0.0 0.0 0.0 0.0 0.0 0.0 0.0 0.0 0.0 0.0 0.0 0.0 0.0 0.0 0.0 0.0 0.0 0.0 0.0 0.0 0.0 0.0 2.831650968992252 2.831650960632642 2.831650948810744 2.831650940451665
2.6778685375121762 2.6784156534505477 2.67950226649955 2.681111259449584 2.6832142664058733 2.685770726542135 2.68872729143536 2.6920168566722222 2.6955562523150283 2.699240831677789 2.7029321243605957 2.7064300407512776 2.7094127026157113 2.7113260606617495 0.0 0.0 0.0 0.0 0.0 0.0 0.0 0.0 0.0 0.0 0.0 0.0 0.0 0.0 0.0 0.0 0.0 0.0 0.0 0.0 0.0 0.0 2.8300984684873547 2.830098451071495 2.8300984264431395 2.8300984090292416
2.6797306808040964 2.6803196244486673 2.681489929857169 2.683225739713199 2.685502196343035 2.6882850760751995 2.6915307459359585 2.6951861769108354 2.6991885226769705 2.703463124170837 2.7079166164744297 2.712413978942104 2.716697502329443 2.7200727304480035 0.0 0.0 0.0 0.0 0.0 0.0 0.0 0.0 0.0 0.0 0.0 0.0 0.0 0.0 0.0 0.0 0.0 0.0 0.0 0.0 0.0 0.0 2.828024924587956 2.8280248883084194 2.8280248370065473 2.828024800734259
2.6818198842269854 2.682448932153937 2.6837002716946317 2.6855602187397163 2.688008083563787 2.6910164469581455 2.6945519629281147 2.698576877030325 2.7030516584027606 2.7079397512623924 2.71321729968127 2.7188972530994704 2.725103664506291 2.7323486095112384 2.742713902477389 0.0 0.0 0.0 0.0 0.0 0.0 0.0 0.0 0.0 0.0 0.0 0.0 0.0 0.0 0.0 0.0 0.0 0.0 0.0 0.0 0.0 2.8253301785251903 2.825330102997764 2.8253299962048644 2.8253299207042057
2.6840901119510634 2.6847559180671943 2.6860818403545865 2.688056586357711 2.690663578225573 2.693881711163165 2.6976868255980797 2.702054332590485 2.7069638551906055 2.712407742582085 2.7184076805776094 2.7250493470679333 2.7325582096740706 2.741461997926242 2.7528623600573843 2.7682491759750865 2.7805828421538954 2.790864013130279 2.7994120295497336 2.806303385343259 2.81152552199006 2.815039124843267 2.816806751976675 0.0 0.0 0.0 0.0 0.0 0.0 0.0 0.0 0.0 0.0 0.0 0.0 0.0 2.821909136448531 2.821908979316915 2.8219087571695836 2.8219086001368248
2.6864953444974864 2.687192743309787 2.6885828756773704 2.690656616844296 2.693400886700992 2.696799621635303 2.7008354725809105 2.705492647162273 2.710761618096839 2.7166469638049695 2.723180449718598 2.730442220331427 2.738590961441254 2.74788697289514 2.7586173802760277 2.770599992440006 2.7816881309648376 2.7914359685405516 2.79972210015861 2.8064718012402645 2.8116137468597477 2.8150831710843005 2.816831032015855 0.0 0.0 0.0 0.0 0.0 0.0 0.0 0.0 0.0 0.0 0.0 0.0 0.0 2.817656642893194 2.817656316156269 2.817655854340919 2.81765552796917
2.6889906948906996 2.689712834374337 2.6911532917737113 2.6933046558891562 2.6961564479129176 2.699696044925815 2.703910171812504 2.708787197765981 2.7143205500565615 2.720513569783422 2.727385811207597 2.7349792984614716 2.743358405413914 2.752584215517801 2.762619317864474 2.773108227065552 2.7831714450371576 2.79230185435279 2.8002200217808135 2.8067479733732985 2.8117567374920935 2.815150439019691 2.816863896119864 0.0 0.0 0.0 0.0 0.0 0.0 0.0 0.0 0.0 0.0 0.0 0.0 0.0 2.8124726227495955 2.812471943532838 2.8124709839410738 2.812470306073817
2.6915334388641607 2.692272094537664 2.6937462033788147 2.6959495599333145 2.6988733824560582 2.7025070149137194 2.706838960091801 2.7118582800541606 2.717556313603076 2.7239284049347563 2.7309746864238953 2.738697478172071 2.747089968271743 2.756106631630964 2.76560487402904 2.775268511356762 2.784605634237219 2.793203194546384 2.8007574968219497 2.8070458561916425 2.8119025662921437 2.8152069598742275 2.8168791478027195 0.0 0.0 0.0 0.0 0.0 0.0 0.0 0.0 0.0 0.0 0.0 0.0 0.0 2.8062673164696146 2.8062659044616596 2.806263911169438 2.8062625041515923
2.69408381405728 2.694829781015311 2.6963189259297904 2.6985458097211805 2.701502624016295 2.7051796100482988 2.709565583536814 2.714648463192498 2.7204155512073402 2.7268530212169955 2.7339435410377018 2.741660127299755 2.7499533771451667 2.7587292036093793 2.767818231623217 2.7769515850585926 2.785780215784567 2.793963779487078 2.8012104335674173 2.8072833870224247 2.8119975691653654 2.8152160103846926 2.816847899623995 0.0 0.0 0.0 0.0 0.0 0.0 0.0 0.0 0.0 0.0 0.0 0.0 0.0 2.798966440487725 2.7989635035691713 2.7989593635099976 2.7989564450587276
2.6966055429402846 2.697349033975882 2.6988334864371595 2.7010539159397013 2.704003020475103 2.7076713448052403 2.712047392286411 2.717117520570737 2.722865311970318 2.7292698771534356 2.7363022289559 2.7439185358398155 2.752049050026693 2.760582574362146 2.7693497394208926 2.77811468319711 2.7865895710899484 2.794474691883777 2.8014908584480067 2.8073970991211232 2.811998202187161 2.815147257703137 2.8167462791337736 0.0 0.0 0.0 0.0 0.0 0.0 0.0 0.0 0.0 0.0 0.0 0.0 0.0 2.790516155269995 2.7905100389870157 2.790501439259966 2.7904953913893804
2.699066100904881 2.69979710852143 2.701256757908161 2.7034403405963556 2.7063408338602892 2.709948889766644 2.7142526962779465 2.719237548368217 2.7248848523990823 2.7311701253444545 2.738059362395184 2.7455030215057983 2.7534270397188294 2.76172117971262 2.7702271158897975 2.7787319352650397 2.786974947293984 2.794671504229089 2.801544304865121 2.8073471370486343 2.8118777627481815 2.814983234900349 2.8165614726767405 0.0 0.0 0.0 0.0 0.0 0.0 0.0 0.0 0.0 0.0 0.0 0.0 0.0 2.7808878559736177 2.780875087907765 2.7808572190412413 2.780844704704237
2.7014367863660946 2.702145392008311 2.7035603543591256 2.705677165743286 2.7084890248459486 2.711986740867297 2.716158509076697 2.7209894401858943 2.726460650475143 2.7325476129557975 2.739217334305713 2.7464237812086183 2.7541009049180745 2.7621527830455026 2.7704412211603135 2.7787734643627604 2.7868975604719783 2.794518988719304 2.8013452802400542 2.8071185251975748 2.811629837510195 2.814723252781411 2.816295604389633 0.0 0.0 0.0 0.0 0.0 0.0 0.0 0.0 0.0 0.0 0.0 0.0 0.0 2.7700830968432295 2.7700563279811443 2.7700191816467887 2.769993354984934
2.703692658310415 2.7043692896630014 2.705720405601329 2.707741686015559 2.710426577242445 2.7137661824478703 2.7177490745994892 2.722360985773482 2.7275842976998925 2.7333972080918 2.7397723467662485 2.746674394405074 2.75405576958059 2.761848495828572 2.7699490345682225 2.7781930321421258 2.7863257669463706 2.794004528781632 2.8008959103552478 2.8067223484894077 2.811270187007868 2.814385227693811 2.815967399726561 0.0 0.0 0.0 0.0 0.0 0.0 0.0 0.0 0.0 0.0 0.0 0.0 0.0 2.758139605542313 2.7580830611311162 2.758005803733595 2.757952762414007
2.705812397127071 2.7064480423698134 2.7077172904933686 2.7096160218879985 2.71213797281872 2.7152746444594773 2.719015205547549 2.723346424450469 2.7282526957485027 2.733716262616364 2.7397177449427166 2.7462369358669676 2.7532531482221425 2.760742248847181 2.768662199750266 2.7769096768769987 2.7852298866249026 2.7931414287767957 2.800230555444943 2.8061987270207354 2.81083785905184 2.814005561295482 2.8156114987531593 0.0 0.0 0.0 0.0 0.0 0.0 0.0 0.0 0.0 0.0 0.0 0.0 0.0 2.7451407934432774 2.745019803255935 2.744859126233817 2.7447511751568707
2.707778127053742 2.7083645145890856 2.709535362980518 2.7112867746001603 2.7136128030294158 2.716505368200751 2.7199542189947983 2.7239470484910493 2.7284699578088634 2.7335086202810266 2.739050743659087 2.7450907390428165 2.751637586737835 2.758725344637857 2.766417310938403 2.774763499381577 2.783589447555913 2.7919892864858786 2.799429333478704 2.805621823001707 2.8103949506715384 2.8136364713455264 2.8152749278756124 0.0 0.0 0.0 0.0 0.0 0.0 0.0 0.0 0.0 0.0 0.0 0.0 0.0 2.7312346477975677 2.730970026276297 2.730636461521138 2.7304204183532663
2.709575222370048 2.7101049685704823 2.711162671328943 2.7127446893482325 2.714845418866931 2.7174571667435385 2.720570074603623 2.7241722258538816 2.7282501915920294 2.7327905165638513 2.7377831468711786 2.743228859905074 2.749155019440819 2.755648406188815 2.762918653763485 2.7713802105084744 2.781451056808899 2.7907111672911835 2.798642103429935 2.805103616738408 2.8100222863041187 2.813339318446153 2.8150100013595303 0.0 0.0 0.0 0.0 0.0 0.0 0.0 0.0 0.0 0.0 0.0 0.0 0.0 2.716677060614913 2.7160768825509494 2.715389160991185 2.7149700791618487
2.7111921107832417 2.711658830595751 2.7125906568021905 2.71398427260002 2.715834487220644 2.718134008052085 2.720873203773737 2.7240399539901126 2.727619773159251 2.731596587846534 2.7359549819051945 2.7406858592593655 2.745800934879278 2.7513737197356303 2.757673690284776 2.7656752549341523 2.7792304724554078 2.7896996292124907 2.798109837948071 2.804784451775654 2.809805448206826 2.813172203533185 2.814863430467062 0.0 0.0 0.0 0.0 0.0 0.0 0.0 0.0 0.0 0.0 0.0 0.0 0.0 2.701941662459781 2.70049991519089 2.699110901473905 2.6983444539806856
2.712620088267754 2.7130184582203207 2.713813826911385 2.7150033284423825 2.7165823561087388 2.7185441962742805 2.7208795484862636 2.7235759432228637 2.7266170714850273 2.7299820236606838 2.733644331694445 2.737570257741397 2.7417139011384424 2.745998675208376 2.7502384017213926 2.753778288931631 0.0 0.0 0.0 0.0 0.0 0.0 0.0 0.0 0.0 0.0 0.0 0.0 0.0 0.0 0.0 0.0 0.0 0.0 0.0 0.0 2.688027303445985 2.6842620465796396 2.6816180199584307 2.6803707016882314
2.713853167379212 2.714178930978962 2.7148294255409864 2.715802432591121 2.7170942328031438 2.7186991094287456 2.72060863254598 2.722810652665187 2.725287860865318 2.7280156103587334 2.7309583048935515 2.7340626904782934 2.7372439480066575 2.7403545494843553 2.7431135486981417 2.7449649866109 0.0 0.0 0.0 0.0 0.0 0.0 0.0 0.0 0.0 0.0 0.0 0.0 0.0 0.0 0.0 0.0 0.0 0.0 0.0 0.0 2.6774179239395974 2.6664719758648836 2.662327705871999 2.6607661947787578
2.714887989556701 2.7151379022657025 2.7156371540081365 2.7163844283698966 2.717377312751539 2.7186117255581954 2.720081058896231 2.721774920354752 2.72367726499116 2.7257635364784623 2.727996113011115 2.730316766268402 2.7326339113419875 2.734801609765278 2.7365897680424975 2.7376638732187124 0.0 0.0 0.0 0.0 0.0 0.0 0.0 0.0 0.0 0.0 0.0 0.0 0.0 0.0 0.0 0.0 0.0 0.0 0.0 0.0 0.0 2.6416361554597465 2.640265331479579 2.639435851641228
2.7157238338108205 2.715895556605847 2.7162390149947218 2.7167540706013042 2.717440088529138 2.718295371448735 2.7193163023761766 2.7204960769626223 2.7218228315403783 2.7232768632907085 2.724826496042442 2.7264220253817513 2.7279873210887526 2.729409845301489 2.73053403267712 2.7311735530655725 0.0 0.0 0.0 0.0 0.0 0.0 0.0 0.0 0.0 0.0 0.0 0.0 0.0 0.0 0.0 0.0 0.0 0.0 0.0 0.0 0.0 2.6181999552283672 2.6177181601286326 2.6173500106180856
2.7163627443892664 2.7164547070062013 2.71663934213903 2.7169179338079372 2.7172920537955645 2.7177630915390023 2.718331541505125 2.7189959531933248 2.719751401801531 2.72058728819017 2.721484258999197 2.722410145462061 2.7233152702046053 2.724128679942942 2.7247593480685284 2.725109838662854 0.0 0.0 0.0 0.0 0.0 0.0 0.0 0.0 0.0 0.0 0.0 0.0 0.0 0.0 0.0 0.0 0.0 0.0 0.0 0.0 0.0 2.5955383706764863 2.5953622282518967 2.5952099778392634
2.716809778125989 2.7168210412692124 2.7168450425368342 2.7168846446460684 2.7169439151006345 2.7170278279431277 2.7171418142709016 2.717291102415373 2.717479760424089 2.7177093307350253 2.717976960051551 2.718273043599527 2.718578741665839 2.7188644344804658 2.719091254803667 2.7192185849439277 0.0 0.0 0.0 0.0 0.0 0.0 0.0 0.0 0.0 0.0 0.0 0.0 0.0 0.0 0.0 0.0 0.0 0.0 0.0 0.0 0.0 2.573582999964021 2.573517249822472 2.5734565277024655
2.7170733424168154 2.7170034902785805 2.716866029253141 2.716665420817267 2.716408295246143 2.7161033770138334 2.7157613786233967 2.715394844302879 2.715017904799658 2.714645877918504 2.714294625951962 2.713979585153555 2.713714459180724 2.713509774040407 2.7133718315437036 2.713302870208534 0.0 0.0 0.0 0.0 0.0 0.0 0.0 0.0 0.0 0.0 0.0 0.0 0.0 0.0 0.0 0.0 0.0 0.0 0.0 0.0 0.0 2.5524287111846555 2.5524043446352116 2.5523810325373755
2.7171655638321264 2.717014654188057 2.71671577046606 2.7162748253219084 2.71570080318735 2.715005930121574 2.7142059478423546 2.71332052078013 2.712373790743077 2.7113950537039098 2.7104194489483704 2.7094883980443436 2.7086492907420117 2.7079536134536957 2.7074525217366716 2.707189226577682 0.0 0.0 0.0 0.0 0.0 0.0 0.0 0.0 0.0 0.0 0.0 0.0 0.0 0.0 0.0 0.0 0.0 0.0 0.0 0.0 0.0 2.532206355639023 2.5321986164059536 2.532191075324606
2.7171026021107805 2.716871192261129 2.7164118416682923 2.7157315898490975 2.714841273035193 2.7137559229664943 2.7124954084846453 2.7110854080808564 2.7095588041208805 2.707957553867646 2.706334972407462 2.7047580749014757 2.7033090479865267 2.7020839539735424 2.701185599589782 2.7007072316692167 0.0 0.0 0.0 0.0 0.0 0.0 0.0 0.0 0.0 0.0 0.0 0.0 0.0 0.0 0.0 0.0 0.0 0.0 0.0 0.0 0.0 2.513038516283172 2.513039841699056 2.513041089738272
2.7169048101497735 2.716594064582278 2.715976343203578 2.7150593280480835 2.7138549337557403 2.7123798786653603 2.7106566212756262 2.708714821423265 2.7065935262160714 2.7043442945999865 2.7020354020805804 2.6997569707144624 2.6976260657573436 2.695789013472898 2.694414974860926 2.6936710397957393 0.0 0.0 0.0 0.0 0.0 0.0 0.0 0.0 0.0 0.0 0.0 0.0 0.0 0.0 0.0 0.0 0.0 0.0 0.0 0.0 0.0 2.4950225520132054 2.4950348850374975 2.4950466162438354
2.7165966412309546 2.7162085125249997 2.7154360400775914 2.714286948127984 2.7127732528133186 2.7109119063039477 2.708725885604769 2.7062459559210543 2.7035134373151006 2.7005844228118003 2.6975360066477885 2.6944750612893835 2.691549564435374 2.688960369798636 2.686965260524284 2.6858536785026446 0.0 0.0 0.0 0.0 0.0 0.0 0.0 0.0 0.0 0.0 0.0 0.0 0.0 0.0 0.0 0.0 0.0 0.0 0.0 0.0 0.0 2.47822161062606 2.4782591252246338 2.478293649515642
2.7162062218557668 2.715743681595849 2.7148220963618463 2.7134485859010335 2.7116341997957707 2.7093945003033744 2.7067505944927577 2.7037308881886046 2.7003739884171876 2.696733429235433 2.6928853024663364 2.6889405111486893 2.6850641575847103 2.6815046023105245 2.6786294768233865 2.6769390867640603 0.0 0.0 0.0 0.0 0.0 0.0 0.0 0.0 0.0 0.0 0.0 0.0 0.0 0.0 0.0 0.0 0.0 0.0 0.0 0.0 0.0 2.4626534997753775 2.462759652412629 2.462851234622649
2.715764541922427 2.715231825379439 2.714169314329563 2.712582918628855 2.7104817098955514 2.707878295275196 2.7047895482278177 2.7012379514699805 2.697253970512361 2.692880178592011 2.688178468085431 2.6832430247123886 2.678224785357797 2.6733798424659465 2.669166426355609 2.6664156055151733 0.0 0.0 0.0 0.0 0.0 0.0 0.0 0.0 0.0 0.0 0.0 0.0 0.0 0.0 0.0 0.0 0.0 0.0 0.0 0.0 0.0 2.4482637152691287 2.4485658891838686 2.448797418469955
2.7153042608044604 2.714707080727902 2.713514848822377 2.711731792360381 2.7093642096978754 2.7064205083157926 2.7029114160835794 2.6988505316793896 2.6942554721310517 2.6891500456577972 2.6835682586263863 2.677561991617478 2.6712174350782143 2.664697137412557 2.6583714986881373 2.6533064404946334 0.0 0.0 0.0 0.0 0.0 0.0 0.0 0.0 0.0 0.0 0.0 0.0 0.0 0.0 0.0 0.0 0.0 0.0 0.0 0.0 0.0 2.4348465268637733 2.4357313187472704 2.4362749497307954
2.7148581823470628 2.7142038663602217 2.7128964455864155 2.710938200517854 2.7083322119169386 2.7050819932695713 2.701191063323691 2.6966624960992123 2.6914984545273186 2.6856996045122403 2.6792639865219763 2.6721839938114837 2.6644372295134833 2.6559570800644634 2.6465300698647614 2.6353985570290854 2.6195555849341763 0.0 0.0 0.0 0.0 0.0 0.0 0.0 0.0 0.0 0.0 0.0 0.0 0.0 0.0 0.0 0.0 0.0 0.0 0.0 2.415212008434457 2.4217967740520594 2.4245148895551174 2.4255911954821796
2.7144575051035917 2.7137550196067024 2.7123503360196364 2.710243774476145 2.7074351785206834 2.7039231467969893 2.699703984681992 2.6947703088739057 2.6891091242749283 2.682698920120817 2.675504678616469 2.667468097325503 2.6584863979893556 2.6483634363301944 2.636694310245492 2.622602825125856 2.604254773811594 2.57880910971099 2.556933771166433 2.5371315514880948 2.5188916779411423 2.5020415187334306 2.4865298696119833 2.4723476255899097 2.459496945067865 2.4479792221370738 2.4377909579534323 2.4289231959286264 2.4213627354826186 2.415094470968687 2.4101048758180172 2.4063873689705217 2.4039516187467624 2.40284198497326 2.403178881390208 2.4052629769728213 2.4098705131032045 2.413854370101208 2.416212703045968 2.4172779770241246
2.7141299960467706 2.7133898361196063 2.711908990206995 2.7096860549025457 2.7067180365909507 2.7029992513646466 2.6985197837394885 2.6932633941939397 2.6872046527575515 2.680304847560525 2.672505757255265 2.663719476675997 2.6538108887687457 2.6425673244389603 2.6296510024383473 2.6145520563043774 2.5966712275126826 2.5760405291366246 2.5558212667553883 2.5366534426387677 2.5186774365091664 2.5019431836347206 2.4864841228421053 2.4723261407752535 2.459486684424086 2.4479740151209586 2.43778767904912 2.428919870069108 2.42135735063616 2.4150837633501125 2.4100823235510664 2.406339034063381 2.4038466592275447 2.402609269600324 2.4026437394685893 2.403956368129834 2.4063853026139794 2.4087896855637374 2.410485023328375 2.411330858319178
2.7138982577810107 2.7131322031233873 2.7115989651065404 2.70929586595432 2.706217822463257 2.7023560188058213 2.69769604622169 2.6922154060165573 2.6858802109522846 2.678640837256986 2.6704261963428024 2.661136316681542 2.650633431418073 2.63873395007453 2.6252108362382867 2.6098352542588565 2.5925257846570693 2.573698524997988 2.5546340159517174 2.536074142776328 2.518399189733585 2.5018105237658816 2.486421103895512 2.4722961987478924 2.4594722910151887 2.4479666833033624 2.4377830536701603 2.4289151816562145 2.421349784363109 2.4150688037248003 2.4100511245643523 2.40627333283101 2.4037084714064956 2.4023202610903676 2.4020466351121184 2.4027583391106764 2.4041673506641708 2.405700828762268 2.4068993016916216 2.4075381633963104
2.713778256938959 2.712999012854621 2.7114390761054548 2.7090950935424227 2.7059608779926365 2.702025968234582 2.697273618069379 2.6916781287519496 2.6852014221936815 2.677788779869308 2.669363841421046 2.6598235027841035 2.6490347898362807 2.6368390691297794 2.623075322627707 2.6076431325950917 2.5906272197746176 2.572459942335788 2.5539338605848845 2.535707279102091 2.5182149769483018 2.5017202947377903 2.4863775443568454 2.4722753036566076 2.459462189462443 2.4479615202274148 2.437779790948659 2.4289118765358197 2.4213444661983528 2.41505834131939 2.4100294824498047 2.406228376063408 2.4036160482833617 2.4021340835135603 2.401684382174407 2.4020947136195034 2.403076509470123 2.404223231512256 2.4051726559075495 2.4056977609090815
0.0 0.0 0.0 0.0 0.0 0.0 0.0 0.0 0.0 0.0 0.0 0.0 0.0 0.0 0.0 0.0 0.0 0.0 0.0 0.0 0.0 0.0 0.0 0.0 0.0 0.0 0.0 0.0 0.0 0.0 0.0 0.0 0.0 0.0 0.0 0.0 0.0 0.0 0.0 0.0
0.0 0.0 0.0 0.0 0.0 0.0 0.0 0.0 0.0 0.0 0.0 0.0 0.0 0.0 0.0 0.0 0.0 0.0 0.0 0.0 0.0 0.0 0.0 0.0 0.0 0.0 0.0 0.0 0.0 0.0 0.0 0.0 0.0 0.0 0.0 0.0 0.0 0.0 0.0 0.0
0.0 0.0 0.0 0.0 0.0 0.0 0.0 0.0 0.0 0.0 0.0 0.0 0.0 0.0 0.0 0.0 0.0 0.0 0.0 0.0 0.0 0.0 0.0 0.0 0.0 0.0 0.0 0.0 0.0 0.0 0.0 0.0 0.0 0.0 0.0 0.0 0.0 0.0 0.0 0.0
0.0 0.0 0.0 0.0 0.0 0.0 0.0 0.0 0.0 0.0 0.0 0.0 0.0 0.0 0.0 0.0 0.0 0.0 0.0 0.0 0.0 0.0 0.0 0.0 0.0 0.0 0.0 0.0 0.0 0.0 0.0 0.0 0.0 0.0 0.0 0.0 0.0 0.0 0.0 0.0
0.0 0.0 0.0 0.0 0.0 0.0 0.0 0.0 0.0 0.0 0.0 0.0 0.0 0.0 0.0 0.0 0.0 0.0 0.0 0.0 0.0 0.0 0.0 0.0 0.0 0.0 0.0 0.0 0.0 0.0 0.0 0.0 0.0 0.0 0.0 0.0 0.0 0.0 0.0 0.0
0.0 0.0 0.0 0.0 0.0 0.0 0.0 0.0 0.0 0.0 0.0 0.0 0.0 0.0 0.0 0.0 0.0 0.0 0.0 0.0 0.0 0.0 0.0 0.0 0.0 0.0 0.0 0.0 0.0 0.0 0.0 0.0 0.0 0.0 0.0 0.0 0.0 0.0 0.0 0.0
0.0 0.0 0.0 0.0 0.0 0.0 0.0 0.0 0.0 0.0 0.0 0.0 0.0 0.0 0.0 0.0 0.0 0.0 0.0 0.0 0.0 0.0 0.0 0.0 0.0 0.0 0.0 0.0 0.0 0.0 0.0 0.0 0.0 0.0 0.0 0.0 0.0 0.0 0.0 0.0
0.0 0.0 0.0 0.0 0.0 0.0 0.0 0.0 0.0 0.0 0.0 0.0 0.0 0.0 0.0 0.0 0.0 0.0 0.0 0.0 0.0 0.0 0.0 0.0 0.0 0.0 0.0 0.0 0.0 0.0 0.0 0.0 0.0 0.0 0.0 0.0 0.0 0.0 0.0 0.0
0.0 0.0 0.0 0.0 0.0 0.0 0.0 0.0 0.0 0.0 0.0 0.0 0.0 0.0 0.0 0.0 0.0 0.0 0.0 0.0 0.0 0.0 0.0 0.0 0.0 0.0 0.0 0.0 0.0 0.0 0.0 0.0 0.0 0.0 0.0 0.0 0.0 0.0 0.0 0.0
0.0 0.0 0.0 0.0 0.0 0.0 0.0 0.0 0.0 0.0 0.0 0.0 0.0 0.0 0.0 0.0 0.0 0.0 0.0 0.0 0.0 0.0 0.0 0.0 0.0 0.0 0.0 0.0 0.0 0.0 0.0 0.0 0.0 0.0 0.0 0.0 0.0 0.0 0.0 0.0
