2.1638278508939264
0.0 2.805700255336485 2.8062639970000793 2.8056799826554197 2.8036125856061758 2.8001535875163555 2.795721328865678 2.7910497614100627 2.787131921057891 2.784878932119956
2.800016623504291 2.8029397598050547 2.8039347768959306 2.803116784670304 2.8005069307553505 2.796302375793366 2.7909322924238507 2.78518093959941 2.7803698951840192 2.777636166168472
2.79575988682572 2.799295371900855 2.8010647903158423 2.8004353795079653 2.7975374079377398 2.79261753946356 2.7859822918401407 2.7782631041008514 2.7717986432542765 2.7682205933713107
2.785796668299465 2.795209380182565 2.7987692663769868 2.7986152301816474 2.795624753386934 2.7901443970883992 2.782083970496294 2.7705206737123427 2.761168631873489 2.7563726158337665
2.764836591374273 0.0 0.0 0.0 0.0 0.0 0.0 2.761506838601063 2.7473442427940613 2.7414621162087145
2.7437133316902305 0.0 0.0 0.0 0.0 0.0 0.0 0.0 2.7270783180377 2.7229976646570164
2.722305885536502 0.0 0.0 0.0 0.0 0.0 0.0 0.0 2.7060436529428227 2.703404564694026
2.7001631296297037 2.6876104592772254 2.6793470461760482 2.6737966686395347 2.6705275465654013 2.6694867868989225 2.670808950886042 2.674921210005211 2.683095394727979 2.684781983584603
2.6890487576508355 2.681761478232077 2.6748494243605614 2.6694400080693224 2.665897762690173 2.6643625782625096 2.664847609540591 2.6671824605264085 2.670638112810755 2.6721504000740595
2.6840619616141623 2.6782241013727455 2.6720907447480604 2.666904064790825 2.6632871167957535 2.661481952150582 2.6614493892701474 2.662827464419281 2.6647680787886965 2.6658697479796456
