2.0597645858296207
0.0 2.52005060920867 0.5783957979916674 0.5900714383800147 2.4370194470396176 3.6939015366678896 3.493012864269723 4.127734498526483 2.3811816362119274 0.557802422710317
4.431390243663356 2.3351975997380796 2.0288799383419507 2.8432271450213125 2.678170002023533 2.2842814658153303 1.5740158795942731 3.240174879287445 3.0728042466932792 0.5563620024630567
2.1058011365512868 1.9735973811446863 4.011256098519783 3.8015622726876415 3.20516012407289 1.064771932872071 0.7173742437108424 1.1953607375782858 3.6706034942290855 2.8946716961123564
2.682801095280178 2.490537793794932 2.5966187978679276 2.3560955666576184 3.9931090894658197 2.6225242752775006 2.6632408596776123 3.5054439923842233 2.5163746022845985 3.1530075434239
3.5626395228037273 0.0 0.0 0.0 0.0 0.0 0.0 3.3672680055553887 3.6875300633961534 2.6594942199005103
2.5514190337790894 0.0 0.0 0.0 0.0 0.0 0.0 0.0 1.7746764811155595 4.171376685068958
2.4224158752878138 0.0 0.0 0.0 0.0 0.0 0.0 0.0 2.5113356895651675 3.808942437203896
0.999694062194617 1.2545003093178837 1.4881568291641525 3.646164069048457 3.8084948213336203 3.668538235668737 2.4426110002269583 2.3929039423704417 2.059674848386024 4.510058659650941
2.1283715217878187 0.886667388181919 2.085784406034 3.705284091935405 3.9468904761601293 3.475372799124869 3.051855697140432 3.7033943919764942 1.8550751048290781 3.485692782739313
0.9106014221651737 2.252037592091833 1.5874422970936464 1.1598430609663852 3.869436821236296 1.926167702738629 0.8616207479797716 3.468760549722412 1.9333709392894263 4.251307611489861
