0.7072058293074628
0.0 1.4099560795728756 1.4098077242658968 1.4113924896086747 1.415345618956082 1.4176462702648178 1.4183171231975233 1.4174371820792884 1.4151315907440016 1.4115662363456956
1.4066622670437459 1.4067471969020569 1.4071911211226182 1.4078571638360704 0.0 0.0 0.0 0.0 0.0 1.4069456681742807
1.403363062231168 1.4048268857610522 1.405734873160276 1.4063046457458244 0.0 0.0 0.0 0.0 0.0 1.4015143026617016
1.3979516161661132 0.0 0.0 0.0 0.0 0.0 0.0 0.0 0.0 1.3955611430265416
1.3918892173087434 0.0 0.0 0.0 0.0 0.0 0.0 0.0 0.0 1.389427743897401
1.3854531473694462 0.0 0.0 0.0 0.0 0.0 0.0 0.0 0.0 1.38351887678304
1.378958324469548 0.0 0.0 0.0 0.0 0.0 0.0 0.0 0.0 1.3783162030998464
1.3727641398300094 0.0 0.0 0.0 0.0 0.0 0.0 1.3692784298227723 1.3714981367990022 1.3743965160885767
1.3672853719419786 1.3648092591458005 1.3637724700406322 1.3636960631636745 1.3643818350230668 1.3657041904985185 1.367569127259554 1.3699548722888495 1.371949914746921 1.3734267977302779
1.3654834418157533 1.364650669998308 1.3641937502763415 1.3643924303157384 1.365242861931846 1.3666554550368148 1.368492754933737 1.3705310218263198 1.3722735946255291 1.3733560518119008
