0.6319272579080785
0.0 1.347039787237545 1.34707873163854 1.34715839613101 1.3472727876317756 1.3474135915936756 1.3475715652635307 1.3477371175334638 1.3479007366781308 1.3480533724289072 1.3481867736960864 1.3482937826411052 1.3483686080147506 1.3484071119956538 0.0 0.0 0.0 0.0 0.0 0.0 0.0 0.0 0.0 0.0 0.0 0.0 0.0 0.0 0.0 0.0 0.0 0.0 0.0 0.0 0.0 0.0 1.2721544072065103 1.2721544072153337 1.2721544072278121 1.2721544072366358
1.3472208277482975 1.3471866190010109 1.3472200717660878 1.3472991114969084 1.3474129465984763 1.347552509128103 1.3477086360843153 1.3478719740399745 1.3480332727022823 1.3481837359541509 1.3483153330118216 1.3484210508295884 1.3484951231649007 1.3485333143414444 0.0 0.0 0.0 0.0 0.0 0.0 0.0 0.0 0.0 0.0 0.0 0.0 0.0 0.0 0.0 0.0 0.0 0.0 0.0 0.0 0.0 0.0 1.2722047492571877 1.2722047492728759 1.272204749295062 1.27220474931075
1.3474403725760096 1.3474495793134988 1.3474953726050543 1.3475778012946347 1.3476912746983365 1.3478283544358398 1.3479806795400984 1.3481394880612865 1.3482960703386935 1.3484421527284998 1.3485701733561912 1.3486734379677556 1.3487462173298412 1.3487839723238915 0.0 0.0 0.0 0.0 0.0 0.0 0.0 0.0 0.0 0.0 0.0 0.0 0.0 0.0 0.0 0.0 0.0 0.0 0.0 0.0 0.0 0.0 1.2723026497264744 1.272302649760367 1.2723026498082983 1.27230264984219
1.347831569557751 1.3478546467251324 1.3479081534604176 1.3479926904997996 1.3481044411885816 1.3482371839174867 1.3483834312839709 1.3485351821741327 1.3486844923949122 1.3488238920785605 1.3489466075798484 1.3490465383767294 1.3491180285355717 1.3491557745688747 0.0 0.0 0.0 0.0 0.0 0.0 0.0 0.0 0.0 0.0 0.0 0.0 0.0 0.0 0.0 0.0 0.0 0.0 0.0 0.0 0.0 0.0 1.2724427042446074 1.272442704319637 1.2724427044257425 1.2724427045007687
1.3483722013704162 1.3483994525366692 1.348455396744811 1.3485390398891857 1.348646688553897 1.348772689836753 1.3489102473164198 1.3490521491032847 1.349191382648866 1.3493215879395104 1.3494372411526778 1.3495333889634487 1.349604744835799 1.3496443919675818 0.0 0.0 0.0 0.0 0.0 0.0 0.0 0.0 0.0 0.0 0.0 0.0 0.0 0.0 0.0 0.0 0.0 0.0 0.0 0.0 0.0 0.0 1.2726172067915527 1.2726172069561565 1.272617207188932 1.2726172073535218
1.3490460668414443 1.3490736992312635 1.3491284701405424 1.3492082893707282 1.349309221409225 1.349425851325904 1.34955190051186 1.3496809109923686 1.3498069079418211 1.3499249537770743 1.3500314341789337 1.3501237073919716 1.350198269779474 1.3502459845735115 0.0 0.0 0.0 0.0 0.0 0.0 0.0 0.0 0.0 0.0 0.0 0.0 0.0 0.0 0.0 0.0 0.0 0.0 0.0 0.0 0.0 0.0 1.2728166118424642 1.2728166121993971 1.272816612704139 1.2728166130610195
1.3498371391814696 1.3498633712252428 1.3499146355701739 1.3499882563001697 1.3500800761492342 1.3501847873915198 1.3502964913999433 1.3504093868689018 1.350518521791787 1.350620562163912 1.3507145021431182 1.3508020308949007 1.3508861932822376 1.3509615621671007 0.0 0.0 0.0 0.0 0.0 0.0 0.0 0.0 0.0 0.0 0.0 0.0 0.0 0.0 0.0 0.0 0.0 0.0 0.0 0.0 0.0 0.0 1.2730301205144843 1.2730301212814779 1.2730301223660272 1.2730301231328187
1.3507275984919036 1.3507514759333255 1.3507977415284678 1.350863413845979 1.3509441775661282 1.3510347594565673 1.351129495541935 1.3512230465466455 1.3513112415058905 1.3513920878976353 1.3514671362930604 1.3515438656326197 1.3516415570030482 1.351810726885617 1.352210959956197 0.0 0.0 0.0 0.0 0.0 0.0 0.0 0.0 0.0 0.0 0.0 0.0 0.0 0.0 0.0 0.0 0.0 0.0 0.0 0.0 0.0 1.2732463664438927 1.2732463680825303 1.2732463703993624 1.2732463720372236
1.3516970866131541 1.3517180931192172 1.351758475977983 1.3518150728006342 1.3518834350906312 1.3519582472066245 1.3520339080314168 1.3521052530151274 1.3521684072019369 1.352221801013072 1.3522674685435316 1.3523129178759996 1.3523740639120228 1.3524789392807928 1.3526623862413065 1.3528737732077631 1.3528792615759795 1.352777165133544 1.3526243254127497 1.3524596736787258 1.3523118687596027 1.3522017964438477 1.3521432968452018 0.0 0.0 0.0 0.0 0.0 0.0 0.0 0.0 0.0 0.0 0.0 0.0 0.0 1.2734541727331237 1.2734541762251377 1.2734541811614684 1.2734541846505012
1.352722428801922 1.3527403511955638 1.3527744763412275 1.3528215029326511 1.3528768367803268 1.352935033442331 1.3529903808101293 1.3530375974254734 1.353072621481415 1.3530934693996077 1.3531011345850146 1.3531004158020565 1.35310019575675 1.3531113653171125 1.3531369041332881 1.3531449268027664 1.35306945613181 1.3529288388491738 1.3527547627593985 1.3525772342910627 1.3524213561153933 1.352306461686832 1.3522456895648793 0.0 0.0 0.0 0.0 0.0 0.0 0.0 0.0 0.0 0.0 0.0 0.0 0.0 1.2736433477540368 1.2736433551993311 1.273643365720409 1.2736433731542784
1.3537775984933145 1.3537924784694437 1.3538204432019545 1.3538580563858518 1.3539005476612105 1.3539422629173765 1.3539772361869313 1.3539998503438266 1.3540055434860903 1.3539915009529613 1.3539572301966651 1.353904805201378 1.3538383126812592 1.3537615786731012 1.3536730240260926 1.353559266828804 1.3534024326441076 1.3532102814841571 1.3530029204192047 1.3528034003076082 1.3526330827370885 1.3525093496031095 1.3524443617693218 0.0 0.0 0.0 0.0 0.0 0.0 0.0 0.0 0.0 0.0 0.0 0.0 0.0 1.2738054847647877 1.2738055006875508 1.273805523174426 1.2738055390535052
1.3548338632477679 1.354845976673861 1.3548683327974453 1.3548973503493755 1.354928050705881 1.3549545073879063 1.354970404108874 1.354969662179561 1.3549470852506393 1.3548989502436635 1.354823438669325 1.3547207419038447 1.3545925939398868 1.3544409758832605 1.3542661398883067 1.354065648831399 1.3538386054197349 1.3535941699780691 1.3533489565137873 1.353122484434351 1.3529336244040338 1.3527982231083644 1.3527275890416575 0.0 0.0 0.0 0.0 0.0 0.0 0.0 0.0 0.0 0.0 0.0 0.0 0.0 1.2739347279617237 1.273934762184842 1.2739348104636132 1.273934844520134
1.3558601019005354 1.3558699427127303 1.3558876743567716 1.355909558860094 1.3559303844034654 1.3559439113990228 1.3559434196249516 1.3559223150813786 1.3558747444821475 1.355796152522668 1.3556837006155134 1.3555364491510382 1.3553552099038917 1.3551420631993756 1.3548998200964277 1.354632234579994 1.354345934117989 1.3540529047547207 1.3537695725934589 1.35351429709898 1.353304796364388 1.3531560669444547 1.3530788917490555 0.0 0.0 0.0 0.0 0.0 0.0 0.0 0.0 0.0 0.0 0.0 0.0 0.0 1.2740284654246032 1.2740285394332342 1.2740286436374564 1.2740287170123894
1.3568232974860632 1.3568315568894467 1.3568460431131144 1.3568628531526603 1.3568765269818284 1.3568804905487073 1.3568675966952397 1.356830723522418 1.3567633824466607 1.356660282646543 1.3565177960719201 1.356334272819713 1.3561101834727736 1.3558481344692581 1.35555292562305 1.3552319242762256 1.3548958483650657 1.3545592727400362 1.3542397118035192 1.3539557530803543 1.3537249931777047 1.3535622288557472 1.3534780797081665 0.0 0.0 0.0 0.0 0.0 0.0 0.0 0.0 0.0 0.0 0.0 0.0 0.0 1.2740879070169653 1.2740880681171811 1.2740882941855753 1.2740884528812557
1.3576892098617754 1.357696747627275 1.3577097065392665 1.3577240152140493 1.3577339599299885 1.357732625667072 1.3577124344375482 1.3576657423255136 1.3575854523039328 1.3574655994669453 1.3573018705790973 1.3570920340873034 1.356836284301606 1.3565375443607623 1.3562018067597086 1.3558385532787987 1.3554610908102727 1.3550863064745895 1.3547333986645325 1.3544220213335374 1.3541703771754847 1.3539935754714312 1.3539023804567303 0.0 0.0 0.0 0.0 0.0 0.0 0.0 0.0 0.0 0.0 0.0 0.0 0.0 1.2741185019638428 1.27411885497171 1.2741193474396497 1.2741196913430994
1.358423224047237 1.3584310316870527 1.3584444470859594 1.3584592320209607 1.3584694216691229 1.3584677646770327 1.3584462607807055 1.358396758862573 1.35831157557114 1.35818409668329 1.35800933201405 1.3577844122555103 1.3575090442996973 1.357185975420221 1.3568215302445223 1.356426210878864 1.3560150939420381 1.3556073596976326 1.355224380067364 1.3548874797850246 1.3546159759333019 1.3544256451219592 1.3543276093739631 0.0 0.0 0.0 0.0 0.0 0.0 0.0 0.0 0.0 0.0 0.0 0.0 0.0 1.274130144559632 1.2741309234402018 1.2741319989142992 1.2741327433811598
1.3589913587845168 1.3590005159416156 1.3590165497926874 1.3590350608534574 1.3590498422160149 1.3590533195609082 1.359037089074294 1.3589925165579888 1.3589113583100478 1.3587863662553232 1.3586118480705074 1.358384170877235 1.3581022297819467 1.3577679551670232 1.3573869948626944 1.3569697022462832 1.3565322367046986 1.356096522651443 1.3556868100263304 1.3553266345732404 1.355036760054621 1.3548338155809123 1.3547293766134245 0.0 0.0 0.0 0.0 0.0 0.0 0.0 0.0 0.0 0.0 0.0 0.0 0.0 1.2741371009575828 1.27413883385566 1.274141183770043 1.274142786745439
1.3593614068713484 1.3593730331487943 1.3593939285758139 1.3594195406340368 1.359443433714656 1.3594577304049076 1.359453651302543 1.3594221162024234 1.3593543655083742 1.3592425598816849 1.3590803193969112 1.3588631743375124 1.3585889295550195 1.3582580225164773 1.3578741379181913 1.3574456580255905 1.3569885919651836 1.3565292570284013 1.356096005149599 1.3557150646235947 1.3554087461531446 1.3551945071844638 1.3550843363214318 0.0 0.0 0.0 0.0 0.0 0.0 0.0 0.0 0.0 0.0 0.0 0.0 0.0 1.2741575461925694 1.2741614486388588 1.274166574146975 1.2741699864332015
1.3595041659037155 1.359519370977417 1.3595473515141672 1.359583410844815 1.3596208994162173 1.3596516594127472 1.3596665696896746 1.3596561535803757 1.3596112063767067 1.3595233941238198 1.3593857689664146 1.3591931372460841 1.3589422111962295 1.3586315150813064 1.3582612689163662 1.3578344526730506 1.3573628843400039 1.356883022410079 1.3564292026576033 1.3560304045501557 1.3557101494195827 1.3554864313887756 1.355371475729625 0.0 0.0 0.0 0.0 0.0 0.0 0.0 0.0 0.0 0.0 0.0 0.0 0.0 1.274212472885539 1.2742214374268617 1.274232561878861 1.274239677561867
1.3593947063297935 1.3594145416613228 1.3594517134750015 1.3595013879395497 1.3595567135161752 1.3596092713595003 1.3596496299173204 1.359667967537474 1.3596547204514964 1.359601205662031 1.3595001533166904 1.3593460483388924 1.3591351001654852 1.3588644907373821 1.3585303219169629 1.3581242535172264 1.3576370408289873 1.3571374968018657 1.3566662536754013 1.3562534011838783 1.3559226111262772 1.3556918785855754 1.3555734182726218 0.0 0.0 0.0 0.0 0.0 0.0 0.0 0.0 0.0 0.0 0.0 0.0 0.0 1.2743233556290572 1.2743446467704431 1.2743685307241392 1.2743828465855764
1.3590136141715754 1.3590390298879984 1.3590872943245498 1.359153438892822 1.3592304144736476 1.3593095493237681 1.3593811172455894 1.3594349833484742 1.3594612901210332 1.3594511417986648 1.3593972350430337 1.3592943534015856 1.3591395398607606 1.358931382020714 1.3586663000627 1.3583228998433814 1.35779341965457 1.3572738174584476 1.3567904255218466 1.356369201452988 1.3560325383014367 1.3557980061170234 1.3556776704589724 0.0 0.0 0.0 0.0 0.0 0.0 0.0 0.0 0.0 0.0 0.0 0.0 0.0 1.2745067940808785 1.2745601425691373 1.2746101598535384 1.2746371791807605
1.3583481394283239 1.3583799497709463 1.3584409333798069 1.358525982705212 1.3586278440412076 1.3587375825498609 1.3588451644236876 1.3589401284044884 1.3590123178444071 1.3590526478172797 1.3590538925698183 1.3590115085055308 1.358924604052122 1.3587975272054482 1.358644029391757 1.358502585929973 0.0 0.0 0.0 0.0 0.0 0.0 0.0 0.0 0.0 0.0 0.0 0.0 0.0 0.0 0.0 0.0 0.0 0.0 0.0 0.0 1.2747605199305005 1.274905099732085 1.2750033746397285 1.2750485095016233
1.357393179080799 1.3574320390764987 1.357507046791198 1.3576129444249543 1.3577422540971917 1.3578857466700291 1.358033033098187 1.3581732546116236 1.3582958492020636 1.3583913791725064 1.358452422524392 1.358474571419348 1.358457673398856 1.3584076577584445 1.3583396602854751 1.3582831068599317 0.0 0.0 0.0 0.0 0.0 0.0 0.0 0.0 0.0 0.0 0.0 0.0 0.0 0.0 0.0 0.0 0.0 0.0 0.0 0.0 1.2750213157673562 1.2754546631016526 1.2756127549754883 1.2756702927295933
1.3561520267048843 1.356198421383903 1.3562884157091648 1.3564165848329972 1.3565751971069968 1.3567546808265951 1.3569442155873341 1.3571324265442408 1.3573081606705029 1.357461329314642 1.3575838120223942 1.3576704332047 1.3577200408915622 1.3577367015977098 1.3577308231147014 1.3577190830773944 0.0 0.0 0.0 0.0 0.0 0.0 0.0 0.0 0.0 0.0 0.0 0.0 0.0 0.0 0.0 0.0 0.0 0.0 0.0 0.0 0.0 1.2764717630632525 1.2765223775890344 1.276552206562042
1.3546368295297617 1.3546910753398897 1.354796680763422 1.3549480350334113 1.355137119054671 1.3553539629056148 1.355587226216657 1.355824879896096 1.3560549667003226 1.3562664189404103 1.3564499121871731 1.3565987284837908 1.356709576643087 1.3567832349864313 1.356824667603402 1.3568418207049568 0.0 0.0 0.0 0.0 0.0 0.0 0.0 0.0 0.0 0.0 0.0 0.0 0.0 0.0 0.0 0.0 0.0 0.0 0.0 0.0 0.0 1.2776751944728748 1.277692282963826 1.2777050770360372
1.35286870819129 1.3529309646348797 1.3530524929817829 1.3532274801027304 1.3534475893867237 1.3537024019645674 1.3539799758134181 1.3542675006840998 1.3545520242249327 1.3548212223020684 1.3550641814931756 1.3552721481765602 1.3554391661794851 1.3555624589854955 1.3556423048051902 1.3556810501555892 0.0 0.0 0.0 0.0 0.0 0.0 0.0 0.0 0.0 0.0 0.0 0.0 0.0 0.0 0.0 0.0 0.0 0.0 0.0 0.0 0.0 1.2791378900699901 1.2791438092013323 1.279148842036265
1.3508775134235242 1.3509478017405858 1.351085291671522 1.3512839582730576 1.3515351285777093 1.3518279006250264 1.3521496730586944 1.3524867629080477 1.3528250860792022 1.3531508720786032 1.3534513793177083 1.3537155660888982 1.3539346500749592 1.3541024539772182 1.3542153983432625 1.3542720138511462 0.0 0.0 0.0 0.0 0.0 0.0 0.0 0.0 0.0 0.0 0.0 0.0 0.0 0.0 0.0 0.0 0.0 0.0 0.0 0.0 0.0 1.2809049043152039 1.2809068405815764 1.2809085948062888
1.3487012157324672 1.3487794408724738 1.3489327036042906 1.3491547684672414 1.3494366246398988 1.3497668784469186 1.3501322475631083 1.3505181346901014 1.3509092559824367 1.3512902980766504 1.3516465759873224 1.3519646602089657 1.3522329327730696 1.3524420188789616 1.3525850310602334 1.3526575794479645 0.0 0.0 0.0 0.0 0.0 0.0 0.0 0.0 0.0 0.0 0.0 0.0 0.0 0.0 0.0 0.0 0.0 0.0 0.0 0.0 0.0 1.2830073051303013 1.2830075231213482 1.2830077069120671
1.3463849465167879 1.3464709186945616 1.3466395822479769 1.3468845056345693 1.3471963598620873 1.347563281857046 1.3479713295237787 1.348405006570247 1.348847833928613 1.3492829459928113 1.3496936937631707 1.3500642423618225 1.3503801553891288 1.3506289605995625 1.350800687309139 1.350888352857163 0.0 0.0 0.0 0.0 0.0 0.0 0.0 0.0 0.0 0.0 0.0 0.0 0.0 0.0 0.0 0.0 0.0 0.0 0.0 0.0 0.0 1.2854657237221232 1.285464531119075 1.2854633471887233
1.3439797299341625 1.3440731826368393 1.3442567281857398 1.344523767278109 1.3448646948992453 1.3452672337594183 1.3457168484976814 1.3461972184991426 1.34669074712942 1.3471790894903244 1.3476436904515423 1.3480663401227069 1.3484297739854116 1.348718364597462 1.3489189567666207 1.3490218569850365 0.0 0.0 0.0 0.0 0.0 0.0 0.0 0.0 0.0 0.0 0.0 0.0 0.0 0.0 0.0 0.0 0.0 0.0 0.0 0.0 0.0 1.2882910431418364 1.2882872655725146 1.2882835649552795
1.3415409621740033 1.341641564421421 1.3418393502814951 1.3421275938977495 1.3424964775211952 1.3429333962982866 1.3434233323532814 1.343949274593166 1.3444926610140269 1.3450338262812944 1.3455524512859725 1.3460280359202004 1.3464404540132464 1.346770699296482 1.3470019764511396 1.3471212678784907 0.0 0.0 0.0 0.0 0.0 0.0 0.0 0.0 0.0 0.0 0.0 0.0 0.0 0.0 0.0 0.0 0.0 0.0 0.0 0.0 0.0 1.2914847943532117 1.2914746118582454 1.2914648049668886
1.339126707336556 1.3392340691527835 1.339445340318698 1.3397537197475358 1.3401492574028824 1.3406191341947555 1.3411480000234566 1.3417183435423647 1.3423108665099588 1.3429048406810253 1.3434784391725323 1.3440090625011158 1.3444737322488498 1.3448497194889093 1.3451157223731898 1.3452540468427963 0.0 0.0 0.0 0.0 0.0 0.0 0.0 0.0 0.0 0.0 0.0 0.0 0.0 0.0 0.0 0.0 0.0 0.0 0.0 0.0 0.0 1.2950409571012256 1.2950139008336565 1.2949886438456708
1.3367958861088731 1.3369095574151413 1.3371334411199 1.3374607178681432 1.3378813962475973 1.3383825743344613 1.3389487501417612 1.3395621507787598 1.3402030468180943 1.3408500190453654 1.3414801515423542 1.3420691433753138 1.3425913781272263 1.3430201141039333 1.3433282637366755 1.3434908474281226 0.0 0.0 0.0 0.0 0.0 0.0 0.0 0.0 0.0 0.0 0.0 0.0 0.0 0.0 0.0 0.0 0.0 0.0 0.0 0.0 0.0 1.2989520372158987 1.2988795058448863 1.2988155858903179
1.3346064347724371 1.3347258991392958 1.334961389458134 1.3353061247409377 1.3357501642832539 1.336280660010447 1.3368821524760144 1.337536877131745 1.3382250409305692 1.3389250231297605 1.3396134462012002 1.3402650505653446 1.340852297320321 1.341344671047801 1.341707987647698 1.3419053546022675 0.0 0.0 0.0 0.0 0.0 0.0 0.0 0.0 0.0 0.0 0.0 0.0 0.0 0.0 0.0 0.0 0.0 0.0 0.0 0.0 0.0 1.3032268749108553 1.3030284521435807 1.3028712320924885
1.3326135082513968 1.3327381740032607 1.332984110780052 1.3333446253497683 1.333809909702175 1.334367294903853 1.3350015492496012 1.3356951867466944 1.3364287436235907 1.337180969226371 1.3379288552049642 1.338647374310444 1.339308679895094 1.3398802734726336 1.3403213037290274 1.3405766254630134 0.0 0.0 0.0 0.0 0.0 0.0 0.0 0.0 0.0 0.0 0.0 0.0 0.0 0.0 0.0 0.0 0.0 0.0 0.0 0.0 0.0 1.3079421678064436 1.3073803732882658 1.3070156355719145
1.3308677928748265 1.3309969847419496 1.3312520336937177 1.3316263694762784 1.3321103768694216 1.3326916612941473 1.3333553658663542 1.3340845093719331 1.334860308121081 1.3356624357142555 1.336469154132892 1.3372571912081037 1.3380010687125976 1.338671055024101 1.339227065472046 1.3395984651736872 1.33960719348102 0.0 0.0 0.0 0.0 0.0 0.0 0.0 0.0 0.0 0.0 0.0 0.0 0.0 0.0 0.0 0.0 0.0 0.0 0.0 1.3168732506072922 1.313398251837194 1.3117211054629307 1.310985817813359
1.329413983607075 1.3295469382793892 1.3298095795870237 1.3301954757076326 1.3306952324133974 1.3312967777012346 1.3319857100027215 1.3327456863498177 1.3335588256431168 1.3344061038760007 1.3352677218409195 1.336123431965446 1.3369528392873669 1.3377358657570957 1.3384545060808177 1.3391017230779816 1.3397268749622944 1.3406666372595586 1.3417017785452077 1.34275854288054 1.343772605271922 1.3446835249746973 1.3454335081415623 1.3459679627833532 1.346236810149467 1.3461960839467833 1.3458095562863277 1.345050192373705 1.3439012394880747 1.3423567198879631 1.340420995595357 1.3381068166574448 1.3354306217673022 1.3324021849318468 1.3290009892155095 1.325117074742112 1.3203838233339191 1.3171518006144656 1.3152402084662864 1.3143515756021422
1.328289468234806 1.328425336659393 1.3286938683275753 1.329088762637875 1.3296008370983503 1.3302183332811484 1.3309273000955473 1.331712038577263 1.3325555967326639 1.333440314737355 1.3343484435902864 1.3352629041297526 1.3361683527064352 1.337052984367354 1.337912219672706 1.3387570467286247 1.3396311724581824 1.3406236526063455 1.34168180291397 1.342749080979184 1.3437680818787179 1.3446813597747962 1.3454324877768091 1.3459675234903679 1.3462367147527763 1.3461962875090794 1.3458101809004948 1.3450515970029722 1.3439042262185186 1.342363000955787 1.3404342162443221 1.3381348333379395 1.3354907963939509 1.3325345492218734 1.3293041685403848 1.325857727969533 1.3223691474962693 1.319615834881978 1.3177980130605702 1.3169043689716855
1.3275232489358508 1.3276611070306665 1.327933666769743 1.32833472968632 1.3288552791387092 1.329483804352235 1.330206713333463 1.3310088250500824 1.3318739391344492 1.332785497770429 1.3337273813456574 1.334684918685833 1.3356462472376425 1.3366042289341098 1.3375591629080228 1.3385221808225685 1.3395169030141552 1.3405683069176118 1.3416549919338325 1.342736088349544 1.3437617915852549 1.344678327399329 1.3454310530542575 1.3459669045182314 1.3462365803380953 1.3461965750102782 1.3458110622067954 1.3450535756847415 1.3439084209280572 1.3423717738531955 1.3404524967325997 1.338172864781834 1.335569758658759 1.3326977255980461 1.3296373289143355 1.3265165186702075 1.3235574634584635 1.3211302689866886 1.3194480814168839 1.3185947580781117
1.327135121105059 1.3272739889461649 1.3275485947488324 1.3279527958551924 1.3284776665510547 1.3291118324054458 1.3298418999793922 1.3306529755594836 1.331529275835531 1.3324548507220046 1.3334144630068419 1.3343946943384757 1.3353853518573007 1.3363811820822604 1.3373836288485874 1.3384016195289705 1.3394487648592712 1.3405326474513446 1.3416369863627022 1.3427271637317684 1.3437574166309771 1.3446762035999396 1.3454300442788205 1.3459664684200254 1.3462364856381186 1.3461967780459316 1.3458116840083623 1.3450549696502971 1.3439113680572714 1.3423779080844882 1.3404651730286952 1.3381988635856923 1.3356224534488184 1.3328023632686672 1.3298377194359272 1.3268760264160095 1.3241289404815915 1.321857074059502 1.3202555069686241 1.3194325162412095
0.0 0.0 0.0 0.0 0.0 0.0 0.0 0.0 0.0 0.0 0.0 0.0 0.0 0.0 0.0 0.0 0.0 0.0 0.0 0.0 0.0 0.0 0.0 0.0 0.0 0.0 0.0 0.0 0.0 0.0 0.0 0.0 0.0 0.0 0.0 0.0 0.0 0.0 0.0 0.0
0.0 0.0 0.0 0.0 0.0 0.0 0.0 0.0 0.0 0.0 0.0 0.0 0.0 0.0 0.0 0.0 0.0 0.0 0.0 0.0 0.0 0.0 0.0 0.0 0.0 0.0 0.0 0.0 0.0 0.0 0.0 0.0 0.0 0.0 0.0 0.0 0.0 0.0 0.0 0.0
0.0 0.0 0.0 0.0 0.0 0.0 0.0 0.0 0.0 0.0 0.0 0.0 0.0 0.0 0.0 0.0 0.0 0.0 0.0 0.0 0.0 0.0 0.0 0.0 0.0 0.0 0.0 0.0 0.0 0.0 0.0 0.0 0.0 0.0 0.0 0.0 0.0 0.0 0.0 0.0
0.0 0.0 0.0 0.0 0.0 0.0 0.0 0.0 0.0 0.0 0.0 0.0 0.0 0.0 0.0 0.0 0.0 0.0 0.0 0.0 0.0 0.0 0.0 0.0 0.0 0.0 0.0 0.0 0.0 0.0 0.0 0.0 0.0 0.0 0.0 0.0 0.0 0.0 0.0 0.0
0.0 0.0 0.0 0.0 0.0 0.0 0.0 0.0 0.0 0.0 0.0 0.0 0.0 0.0 0.0 0.0 0.0 0.0 0.0 0.0 0.0 0.0 0.0 0.0 0.0 0.0 0.0 0.0 0.0 0.0 0.0 0.0 0.0 0.0 0.0 0.0 0.0 0.0 0.0 0.0
0.0 0.0 0.0 0.0 0.0 0.0 0.0 0.0 0.0 0.0 0.0 0.0 0.0 0.0 0.0 0.0 0.0 0.0 0.0 0.0 0.0 0.0 0.0 0.0 0.0 0.0 0.0 0.0 0.0 0.0 0.0 0.0 0.0 0.0 0.0 0.0 0.0 0.0 0.0 0.0
0.0 0.0 0.0 0.0 0.0 0.0 0.0 0.0 0.0 0.0 0.0 0.0 0.0 0.0 0.0 0.0 0.0 0.0 0.0 0.0 0.0 0.0 0.0 0.0 0.0 0.0 0.0 0.0 0.0 0.0 0.0 0.0 0.0 0.0 0.0 0.0 0.0 0.0 0.0 0.0
0.0 0.0 0.0 0.0 0.0 0.0 0.0 0.0 0.0 0.0 0.0 0.0 0.0 0.0 0.0 0.0 0.0 0.0 0.0 0.0 0.0 0.0 0.0 0.0 0.0 0.0 0.0 0.0 0.0 0.0 0.0 0.0 0.0 0.0 0.0 0.0 0.0 0.0 0.0 0.0
0.0 0.0 0.0 0.0 0.0 0.0 0.0 0.0 0.0 0.0 0.0 0.0 0.0 0.0 0.0 0.0 0.0 0.0 0.0 0.0 0.0 0.0 0.0 0.0 0.0 0.0 0.0 0.0 0.0 0.0 0.0 0.0 0.0 0.0 0.0 0.0 0.0 0.0 0.0 0.0
0.0 0.0 0.0 0.0 0.0 0.0 0.0 0.0 0.0 0.0 0.0 0.0 0.0 0.0 0.0 0.0 0.0 0.0 0.0 0.0 0.0 0.0 0.0 0.0 0.0 0.0 0.0 0.0 0.0 0.0 0.0 0.0 0.0 0.0 0.0 0.0 0.0 0.0 0.0 0.0
