1.897092165540137
0.0 2.404710949999567 2.3940562701740866 2.3843127460488645 2.376128712509725 2.3697716964717808 2.365244078079439 2.3623171546669086 2.3605974965917307 2.359794540871511
2.4133205553361115 2.3993970672152707 2.387151979426546 2.3766165960656154 2.3680508562103286 2.3615957029602552 2.3572155662168726 2.354617207390108 2.3531474939632275 2.352453195546954
2.411668765903164 2.3969091492684558 2.3832829856313835 2.371897335981635 2.3629688142472935 2.3565661530979924 2.352699113971434 2.3511202323867533 2.350273240353371 2.3497920336213
2.419246158473957 2.39789133565873 2.3820261278356534 2.36979077496324 2.360594318405062 2.354343096932921 2.351293214869984 2.3523004063759214 2.3524279050719823 2.3520520515811607
2.4428890405698147 0.0 0.0 0.0 0.0 0.0 0.0 2.3597865196734866 2.3604236484418086 2.359260092787032
2.461595696996449 0.0 0.0 0.0 0.0 0.0 0.0 0.0 2.3753487507343087 2.370415846136617
2.4747363225967764 0.0 0.0 0.0 0.0 0.0 0.0 0.0 2.3877503221558674 2.3813784026744678
2.481438981000386 2.479853192880483 2.4745101712547095 2.466865579651604 2.4574226691619363 2.446337454291639 2.433510711119926 2.41831562281291 2.39857420613521 2.3903065235397776
2.4822260992778413 2.4755701514836375 2.4684095379271542 2.4600093953765096 2.450246251215513 2.4391761813818515 2.426968761696031 2.4140201269225185 2.401597117204404 2.3949617434346115
2.48186314542448 2.473646050053196 2.465513102477955 2.4566345758212447 2.4466951149783944 2.435715374561208 2.424018991354841 2.4123821494185282 2.402401763555778 2.3967980854564757
