0.7137369190860424
0.0 1.431102622707808 1.4337285660056176 1.435305627969239 1.4349809398021642 1.4333160585848885 1.4303737447575295 1.4263067866686003 1.4213374372778165 1.4157416956016609
1.4241342257213816 1.4302814004146935 1.4344083916406791 1.4364702013895518 0.0 0.0 0.0 0.0 0.0 1.4098397225412889
1.4201645616349938 1.429181187812738 1.4345196920008818 1.4370384428570782 0.0 0.0 0.0 0.0 0.0 1.4039936714901669
1.4074367319073087 0.0 0.0 0.0 0.0 0.0 0.0 0.0 0.0 1.398613616772968
1.395269750760974 0.0 0.0 0.0 0.0 0.0 0.0 0.0 0.0 1.3941709506389555
1.3842361910625909 0.0 0.0 0.0 0.0 0.0 0.0 0.0 0.0 1.3912176500057083
1.3749267224498003 0.0 0.0 0.0 0.0 0.0 0.0 0.0 0.0 1.3904099175198137
1.367953723862733 0.0 0.0 0.0 0.0 0.0 0.0 1.3844904154102458 1.3891114383259833 1.3925336176621286
1.3639584874813084 1.3642623922091317 1.3664693343861904 1.3698314706031514 1.3740066435705647 1.3787398516353702 1.383809506427184 1.3891024041554731 1.3931240146304362 1.3954587036826904
1.3633166769106895 1.366160114484752 1.3691982723445373 1.3729038992021352 1.377253292201577 1.3820533683462664 1.3870178691058033 1.3917254873407021 1.395353953944748 1.3973504626835147
