0.806342019329676
0.0 1.7252161962820116 1.7252794828558777 1.725386987201386 1.725507397220968 1.7256050120791027 1.725646280232939 1.7256062752049754 1.7254746017771245 1.7252597184323246 1.7249904010711585 1.7247129538643922 1.7244830459768528 1.7243522697134206 0.0 0.0 0.0 0.0 0.0 0.0 0.0 0.0 0.0 0.0 0.0 0.0 0.0 0.0 0.0 0.0 0.0 0.0 0.0 0.0 0.0 0.0 1.5498918997287916 1.5498919001420133 1.5498919007263954 1.5498919011396148
1.725324676504898 1.7253129548277122 1.725355102453354 1.725423899456605 1.7254876451240426 1.725511256167814 1.7254619576970636 1.7253160304512274 1.7250653280297767 1.7247224857722439 1.7243234980056523 1.7239259361820942 1.7236007746914326 1.723416372116634 0.0 0.0 0.0 0.0 0.0 0.0 0.0 0.0 0.0 0.0 0.0 0.0 0.0 0.0 0.0 0.0 0.0 0.0 0.0 0.0 0.0 0.0 1.5499246040596533 1.5499246047043223 1.5499246056160165 1.5499246062606784
1.7255193257715857 1.7255146683179674 1.7255160510433816 1.7255068806133411 1.7254581103261515 1.7253356655979921 1.7251076242835646 1.7247518307990424 1.7242635501414874 1.7236624319373408 1.7229976052948124 1.7223487945398694 1.7218196739860483 1.7215178546963121 0.0 0.0 0.0 0.0 0.0 0.0 0.0 0.0 0.0 0.0 0.0 0.0 0.0 0.0 0.0 0.0 0.0 0.0 0.0 0.0 0.0 0.0 1.549995890140991 1.5499958913792367 1.5499958931303621 1.5499958943685819
1.7258820293535788 1.7258493304252225 1.7257788313803246 1.7256513478544178 1.725437060249577 1.725101366183335 1.7246120427625118 1.7239474102194192 1.723105236422726 1.7221121139220135 1.721032784666464 1.7199777162037995 1.7191036448765857 1.7185936783624807 0.0 0.0 0.0 0.0 0.0 0.0 0.0 0.0 0.0 0.0 0.0 0.0 0.0 0.0 0.0 0.0 0.0 0.0 0.0 0.0 0.0 0.0 1.5501180824971992 1.550118085027139 1.5501180886049464 1.5501180911347905
1.726403721629699 1.7263245846371948 1.7261557254774103 1.7258745137216853 1.7254487202465394 1.7248415658437526 1.7240185848221592 1.7229559537737633 1.72165028617983 1.7201303665560832 1.7184718946894078 1.7168164212104207 1.7153923524391879 1.7145189108064478 0.0 0.0 0.0 0.0 0.0 0.0 0.0 0.0 0.0 0.0 0.0 0.0 0.0 0.0 0.0 0.0 0.0 0.0 0.0 0.0 0.0 0.0 1.5503109862973197 1.550310991550702 1.5503109989798536 1.550311004232879
1.7270783009284743 1.7269416634809254 1.7266552862025049 1.7261936066157675 1.7255213065636854 1.724598035508664 1.723384824367524 1.7218519862747257 1.7199887053430403 1.7178154302804316 1.7154022172889627 1.7129004659515914 1.7106028149851344 1.7090449064787125 0.0 0.0 0.0 0.0 0.0 0.0 0.0 0.0 0.0 0.0 0.0 0.0 0.0 0.0 0.0 0.0 0.0 0.0 0.0 0.0 0.0 0.0 1.5506031874042878 1.5506031983654558 1.5506032138659458 1.5506032248257846
1.7278976060025106 1.7276974151211923 1.7272823656707337 1.726624360441392 1.7256847029775713 1.7244184935200515 1.722780331044679 1.7207310360684618 1.7182453261974526 1.7153211000710855 1.7119932150056323 1.7083622398451968 1.704677789193669 1.7016393278759394 0.0 0.0 0.0 0.0 0.0 0.0 0.0 0.0 0.0 0.0 0.0 0.0 0.0 0.0 0.0 0.0 0.0 0.0 0.0 0.0 0.0 0.0 1.551033356627162 1.551033379546566 1.5510334119559859 1.5510334348704387
1.728848858362472 1.7285834958207165 1.7280369236601505 1.7271788189884119 1.7259671466018551 1.7243521487354316 1.7222811830226594 1.719703838108227 1.716576522712739 1.712865233147364 1.7085437021049659 1.7035786256205874 1.6978711259800143 1.69102339650508 1.681325437042075 0.0 0.0 0.0 0.0 0.0 0.0 0.0 0.0 0.0 0.0 0.0 0.0 0.0 0.0 0.0 0.0 0.0 0.0 0.0 0.0 0.0 1.5516512658869364 1.5516513138820522 1.5516513817442958 1.5516514297209687
1.7299127607207019 1.729584794955885 1.728912085205307 1.727862440637482 1.7263908900109322 1.7244433110816173 1.7219605684172903 1.7188823874826202 1.7151497354394718 1.7107035392907406 1.7054753545408288 1.6993601116965278 1.6921479560181234 1.6833669250970025 1.671986945357843 1.6563623877689995 1.643253829002612 1.6319389227329653 1.6222819257136316 1.6143437006717969 1.608243175230742 1.6040993155780425 1.6020030813977755 0.0 0.0 0.0 0.0 0.0 0.0 0.0 0.0 0.0 0.0 0.0 0.0 0.0 1.5525182324764297 1.5525183331115309 1.5525184753821686 1.5525185759485693
1.7310618653539704 1.730677722727908 1.729891956672073 1.728670945472842 1.7269674678240827 1.7247241410830254 1.7218772528556732 1.7183602319723117 1.7141056474017609 1.7090440529220907 1.7030970967386685 1.6961613046945383 1.6880800384846135 1.6786151975663977 1.667498200711131 1.6548720217562591 1.6428463442316092 1.631985048325131 1.6225433657053172 1.6147163841472003 1.6086755489939084 1.6045628948191382 1.6024800867179931 0.0 0.0 0.0 0.0 0.0 0.0 0.0 0.0 0.0 0.0 0.0 0.0 0.0 1.5537067526149864 1.5537069638727194 1.5537072624536954 1.5537074734555052
1.7322592582927365 1.7318287202815879 1.7309496774438469 1.729587531762464 1.7276935859229887 1.7252084869357758 1.7220661469890233 1.7181975562454044 1.7135337617007609 1.708007211457362 1.7015508783299416 1.6940958184687767 1.6855721635380976 1.6759306558822553 1.665227216873679 1.6538318230902953 1.6426579128223968 1.6323014287197701 1.6231507984435747 1.6154910736563062 1.6095451410235073 1.6054834866064458 1.6034228856879074 0.0 0.0 0.0 0.0 0.0 0.0 0.0 0.0 0.0 0.0 0.0 0.0 0.0 1.555299159962946 1.5552996039344122 1.5553002311222726 1.5553006741402684
1.733457731660793 1.7329932816029334 1.732046105698221 1.7305810091376146 1.7285484687306996 1.7258882191149874 1.7225335004055962 1.7184155773301257 1.7134681645164591 1.707631589023723 1.7008570953358233 1.6931130647009145 1.6843977093758364 1.6747671624355986 1.6643900546160808 1.6536219914804913 1.643014787891036 1.6330683608260275 1.6241873454868903 1.616695432392633 1.610848989881378 1.60684191978114 1.6048052685125873 0.0 0.0 0.0 0.0 0.0 0.0 0.0 0.0 0.0 0.0 0.0 0.0 0.0 1.5573852367547638 1.5573861708128263 1.5573874892143038 1.5573884197195245
1.734599620307346 1.7341157048400004 1.7331294006706341 1.7316051516033046 1.7294929959055525 1.7267323394623575 1.7232565776751103 1.718998320983932 1.7138950761341882 1.7078954886884907 1.7009667490415774 1.6931045789642156 1.6843482192414339 1.674803114843118 1.6646706344734472 1.6542715710675417 1.6440274411482307 1.6343698095561865 1.6256918064503294 1.6183309414877434 1.6125630670361488 1.6085988582867161 1.6065808007303708 0.0 0.0 0.0 0.0 0.0 0.0 0.0 0.0 0.0 0.0 0.0 0.0 0.0 1.5600587978764762 1.560060765416485 1.5600635383461685 1.5600654926447892
1.7356174267583107 1.7351296992865997 1.7341356118014313 1.7325993189432742 1.7304705138910257 1.727688352427105 1.724186355919637 1.7198981221104268 1.7147637780807998 1.7087373232154557 1.7017953366124727 1.6939478874988858 1.685252592219195 1.6758318644136962 1.6658902295431095 1.6557223246710897 1.6456967383807177 1.6362111686766645 1.6276512264430492 1.6203625822162127 1.614634306530048 1.6106892716615147 1.608678613057193 0.0 0.0 0.0 0.0 0.0 0.0 0.0 0.0 0.0 0.0 0.0 0.0 0.0 1.563413337707522 1.5634174888219596 1.5634233232843904 1.5634274250369982
1.7364352858234855 1.7359598820466153 1.7349902599033307 1.7334902238149235 1.7314089834134736 1.7286851467471112 1.7252517433559742 1.7210421185340343 1.7159966245665865 1.7100701944917687 1.7032411032710946 1.6955214167014292 1.6869695718749456 1.6777047677854513 1.667920747947043 1.657892963663512 1.6479700237397412 1.6385437355736636 1.6300068571477973 1.6227177654429 1.6169780232696527 1.613020173107567 1.6110016020381563 0.0 0.0 0.0 0.0 0.0 0.0 0.0 0.0 0.0 0.0 0.0 0.0 0.0 1.5675368383546506 1.567545617346187 1.5675578963221277 1.5675664912570297
1.7369712471540664 1.7365241204622472 1.735610813244387 1.7341946463652977 1.732224090851142 1.7296367406218067 1.7263642915501543 1.7223383342458016 1.7174968185750816 1.711791162616042 1.7051941642957256 1.6977091183645618 1.68938077658176 1.680308798355004 1.6706635516631898 1.6607012970732031 1.6507692186697616 1.6412822193901324 1.6326618826751282 1.6252889920771187 1.6194789110452283 1.6154714825907777 1.613427485762733 0.0 0.0 0.0 0.0 0.0 0.0 0.0 0.0 0.0 0.0 0.0 0.0 0.0 1.5725057173053265 1.5725243568415783 1.572550199115529 1.5725681522049544
1.7371402901194937 1.7367366170888843 1.7359099165682104 1.7346228886325272 1.7328230183872326 1.7304464624068374 1.7274228656028867 1.7236808492917617 1.719153913688259 1.7137865552311453 1.7075405537365478 1.7004017327205438 1.692388225003162 1.6835626240141237 1.6740521935127677 1.6640810584244727 1.654006716565973 1.6443139944325573 1.63548595546386 1.6279367148384127 1.6219939891744002 1.6178995724625749 1.6158127795236807 0.0 0.0 0.0 0.0 0.0 0.0 0.0 0.0 0.0 0.0 0.0 0.0 0.0 1.5783774975571034 1.578417342066618 1.578471709715033 1.5785089936344616
1.7368579332200706 1.7365115907799942 1.735799209670678 1.7346827821171926 1.7331086632809665 1.7310113504554763 1.7283180994315281 1.7249540365318208 1.7208473598713798 1.7159341769788348 1.7101625451283062 1.703495528982767 1.6959140399819297 1.6874230322188855 1.678071435846834 1.6680078695780685 1.6575942935276613 1.6474978869037176 1.6383133263874265 1.6304904883929479 1.624356800957136 1.6201434465526465 1.6179998822070847 0.0 0.0 0.0 0.0 0.0 0.0 0.0 0.0 0.0 0.0 0.0 0.0 0.0 1.5851807694855036 1.5852669549146825 1.58538119477939 1.5854578275598106
1.736044259351614 1.7357673756171268 1.735193561114227 1.7342840882617476 1.7329841825266505 1.731226724865935 1.7289367238411184 1.7260361466923253 1.7224485587942868 1.718102824447057 1.7129348391033965 1.7068859234109097 1.6998964766732678 1.6918955190324367 1.6827975056465534 1.6725574564869505 1.661437785877244 1.650643023548979 1.640930887103625 1.6327482530695818 1.6263836877136677 1.6220343058098068 1.6198278251959635 0.0 0.0 0.0 0.0 0.0 0.0 0.0 0.0 0.0 0.0 0.0 0.0 0.0 1.592898464884087 1.5930887451778488 1.5933279932478934 1.5934826347601356
1.7346281473082086 1.734430734805155 1.7340155323316042 1.7333431468018117 1.732357795983096 1.7309910036551068 1.7291660619868947 1.726802832825365 1.7238222781348735 1.7201497995631578 1.7157158596865774 1.710451067722059 1.7042701190075447 1.6970334805187925 1.6884699050295524 1.67807563772997 1.6653698614904002 1.6534432636857943 1.643054327255725 1.6344778905339337 1.6278854968990148 1.623410160554611 1.6211473796391358 0.0 0.0 0.0 0.0 0.0 0.0 0.0 0.0 0.0 0.0 0.0 0.0 0.0 1.6014336503993638 1.6018685462565239 1.6023652941987676 1.602667237613632
1.7325514782092175 1.7324411666747987 1.732199871466753 1.731787619278044 1.731147790471033 1.7302108833963499 1.7288991233543378 1.7271315478729241 1.7248290582384223 1.721918682745327 1.7183357685336627 1.7140214305842785 1.70890828848425 1.7028722237930338 1.6955667919849882 1.6857898461248546 1.6687838074780685 1.6553289522291246 1.6443092564239712 1.635436045649234 1.6286914210795649 1.6241372697580874 1.6218403801662171 0.0 0.0 0.0 0.0 0.0 0.0 0.0 0.0 0.0 0.0 0.0 0.0 0.0 1.610526929928155 1.6115777040594843 1.6125863064652086 1.6131411720431093
1.72977307364483 1.7297549644713197 1.729697812755673 1.7295611374248216 1.7292876098309125 1.7288069294380048 1.7280406752665054 1.7269078832035414 1.7253310682748342 1.7232424239934134 1.7205900738431037 1.717344846632768 1.7135104317780903 1.7091498611713705 1.7044868274193663 1.7003570914116553 0.0 0.0 0.0 0.0 0.0 0.0 0.0 0.0 0.0 0.0 0.0 0.0 0.0 0.0 0.0 0.0 0.0 0.0 0.0 0.0 1.619528377527443 1.6222834790437406 1.6242104467653757 1.6251162827364245
1.7262721225651156 1.726348783958058 1.7264809309344438 1.726627603828336 1.7267307888190975 1.7267193838409258 1.7265142674129443 1.72603433542277 1.7252034291448373 1.7239582654399777 1.7222579685587787 1.7200970266325002 1.7175265455250759 1.7146960269828029 1.7119430081131493 1.7099683077882628 0.0 0.0 0.0 0.0 0.0 0.0 0.0 0.0 0.0 0.0 0.0 0.0 0.0 0.0 0.0 0.0 0.0 0.0 0.0 0.0 1.62668737956296 1.6347168781276569 1.6377441814126623 1.6388798668795879
1.722050869902454 1.7222224796646166 1.7225442846117738 1.7229748309202668 1.723455335620474 1.723913658330281 1.7242694468865556 1.7244403878273644 1.7243495715335935 1.7239341705575992 1.723156017004168 1.7220153837563006 1.7205703993626533 1.7189654353660349 1.717468451008103 1.7164932394493044 0.0 0.0 0.0 0.0 0.0 0.0 0.0 0.0 0.0 0.0 0.0 0.0 0.0 0.0 0.0 0.0 0.0 0.0 0.0 0.0 0.0 1.6529785442640348 1.6539749320956916 1.6545757563159753
1.7171363746894721 1.7174009990937869 1.7179085956095672 1.718617185370341 1.719467082022825 1.7203847462618265 1.7212878068694166 1.7220911925990041 1.7227143691270816 1.723089773878223 1.7231726855282186 1.722952880547801 1.7224682048393332 1.7218186480551956 1.7211742061299125 1.7207566718562133 0.0 0.0 0.0 0.0 0.0 0.0 0.0 0.0 0.0 0.0 0.0 0.0 0.0 0.0 0.0 0.0 0.0 0.0 0.0 0.0 0.0 1.6709478087264105 1.6712958124462127 1.6715610528010263
1.7115811988940588 1.7119351771651963 1.712621263489111 1.7135969573352747 1.7148015784647597 1.7161598742760182 1.7175867140779337 1.7189927972150854 1.72029131164923 1.721405491456814 1.7222769944654601 1.7228748405447423 1.7232040525640901 1.7233116294013635 1.7232844639916516 1.7232298227762461 0.0 0.0 0.0 0.0 0.0 0.0 0.0 0.0 0.0 0.0 0.0 0.0 0.0 0.0 0.0 0.0 0.0 0.0 0.0 0.0 0.0 1.6891424742040078 1.689268734755327 1.689377670081052
1.7054629555352299 1.7059013455516847 1.706756099534288 1.707984286679255 1.7095242844844845 1.711299026707487 1.713220206141645 1.7151933334684781 1.7171235357063268 1.718921946961892 1.72051246400281 1.721838432985925 1.7228683718149689 1.7235989746871707 1.7240524751256778 1.7242649263392578 0.0 0.0 0.0 0.0 0.0 0.0 0.0 0.0 0.0 0.0 0.0 0.0 0.0 0.0 0.0 0.0 0.0 0.0 0.0 0.0 0.0 1.7076520082764206 1.7076983802855683 1.7077411261405464
1.6988827176414913 1.69939975244103 1.700411763910213 1.7018756140189226 1.7037290095102708 1.705893310003069 1.708277126413428 1.7107805879102433 1.7133001272848551 1.7157336017738531 1.717985516298397 1.719972023630502 1.7216252057139148 1.7228958758879611 1.723753881263278 1.7241850222968031 0.0 0.0 0.0 0.0 0.0 0.0 0.0 0.0 0.0 0.0 0.0 0.0 0.0 0.0 0.0 0.0 0.0 0.0 0.0 0.0 0.0 1.7264280263435756 1.726443821103134 1.7264588678090198
1.6919623596582591 1.692551866119058 1.6937089847624331 1.6953907492102034 1.6975347303641959 1.7000613622606622 1.702876877082063 1.7058767060721949 1.7089491720589092 1.7119792819269102 1.7148524394129554 1.7174579643461416 1.7196924527615758 1.7214632531602903 1.72269259207576 1.72332287530079 0.0 0.0 0.0 0.0 0.0 0.0 0.0 0.0 0.0 0.0 0.0 0.0 0.0 0.0 0.0 0.0 0.0 0.0 0.0 0.0 0.0 1.745381182314292 1.7453827138831661 1.7453841445159979
1.684840963591899 1.6854967026033514 1.686786717326617 1.6886687476055975 1.6910810308210806 1.6939441448685553 1.6971632759373867 1.7006307411849997 1.7042285566487523 1.7078308276739365 1.7113057953354776 1.7145175752388861 1.7173280894530047 1.7196005175157532 1.721206644744474 1.722040858645464 0.0 0.0 0.0 0.0 0.0 0.0 0.0 0.0 0.0 0.0 0.0 0.0 0.0 0.0 0.0 0.0 0.0 0.0 0.0 0.0 0.0 1.764416897771666 1.7644058171544068 1.7643949815832518
1.6776704700573688 1.6783863697215946 1.6797974613626943 1.681862854756259 1.6845224859860144 1.6876985223466676 1.691297021113695 1.6952096363477194 1.699315101389403 1.703480167425777 1.7075597073819155 1.7113959267853665 1.7148173100210256 1.7176394735441607 1.7196728415591478 1.72074517457089 0.0 0.0 0.0 0.0 0.0 0.0 0.0 0.0 0.0 0.0 0.0 0.0 0.0 0.0 0.0 0.0 0.0 0.0 0.0 0.0 0.0 1.7834508787468502 1.7834161373590878 1.7833827160627977
1.6706107881694727 1.6713810566734422 1.6729019972763013 1.6751348291226569 1.6780223685874962 1.6814900885533561 1.68544729802467 1.6897881975364084 1.6943924521590117 1.699124789312405 1.7038330089056306 1.708343811800454 1.7124563646920155 1.7159354314455337 1.7185111472494987 1.7199036425400271 0.0 0.0 0.0 0.0 0.0 0.0 0.0 0.0 0.0 0.0 0.0 0.0 0.0 0.0 0.0 0.0 0.0 0.0 0.0 0.0 0.0 1.8024206612804266 1.802326990316497 1.802239642361961
1.6638245973198047 1.6646437189360028 1.6662638258048519 1.668648983166353 1.6717460952534262 1.6754857547593995 1.6797831464216235 1.6845387395347884 1.6896383393493424 1.694951813696865 1.7003294271820661 1.7055941742231802 1.7105279390800199 1.7148496445665373 1.7181887046865167 1.7200802829016089 0.0 0.0 0.0 0.0 0.0 0.0 0.0 0.0 0.0 0.0 0.0 0.0 0.0 0.0 0.0 0.0 0.0 0.0 0.0 0.0 0.0 1.8213066559827495 1.8210561296998207 1.8208357456959565
1.6574720776220062 1.6583347122890642 1.6600436011593136 1.6625662923458304 1.665854852160162 1.6698466673320553 1.674465328049098 1.679621352868641 1.6852123329429338 1.6911217472179558 1.697215089433704 1.7033307279085683 1.709260373509319 1.7147088445727108 1.7192145744804683 1.7220171714391563 0.0 0.0 0.0 0.0 0.0 0.0 0.0 0.0 0.0 0.0 0.0 0.0 0.0 0.0 0.0 0.0 0.0 0.0 0.0 0.0 0.0 1.8401895100931729 1.8395068212515908 1.8389678299399235
1.6517057935968373 1.6526066152278331 1.6543938290198597 1.6570388994550043 1.6604998200236196 1.6647220270664644 1.6696395185735524 1.6751760285620076 1.6812459724643278 1.6877546307829574 1.694596540277131 1.7016499061472143 1.708761664468488 1.7157075311237944 1.722073463718323 1.7268503088091804 0.0 0.0 0.0 0.0 0.0 0.0 0.0 0.0 0.0 0.0 0.0 0.0 0.0 0.0 0.0 0.0 0.0 0.0 0.0 0.0 0.0 1.8594195901368369 1.8574922288422053 1.8562502361574473
1.6466659281958174 1.647599445993349 1.6494540562032594 1.6522052793120254 1.6558173332450248 1.6602442776638766 1.665431556107853 1.6713179201531556 1.6778376876550276 1.6849232614614786 1.692507877737993 1.7005288684481012 1.7089330319328577 1.7176908661014083 1.7268480038038763 1.736739815948294 1.7489653308253694 0.0 0.0 0.0 0.0 0.0 0.0 0.0 0.0 0.0 0.0 0.0 0.0 0.0 0.0 0.0 0.0 0.0 0.0 0.0 1.8924622325361395 1.8801428269459364 1.8743934708213952 1.871915306671871
1.6424760248335373 1.6434364324793187 1.6453467118019263 1.6481862277358672 1.6519251496985798 1.6565258791119088 1.6619450828790159 1.6681364431126648 1.6750542872845895 1.6826584051671045 1.6909207574467326 1.6998358811237433 1.709439788751548 1.7198502355400225 1.7313627041054227 1.744690017880839 1.7615371095114327 1.7856685257142264 1.8077970920950386 1.8288141021594735 1.8488431114367854 1.8677367484345548 1.8852520579673633 1.9011239814015577 1.915102134672669 1.9269720157883468 1.9365680428974565 1.943781157940628 1.9485620008486508 1.9509198783101789 1.9509171177280462 1.948657344621032 1.9442638428943178 1.9378381561318925 1.929372505219542 1.9185388419408451 1.9041051221457728 1.89373277298479 1.8875463657996083 1.8846683592912081
1.6392393499910538 1.640220438609186 1.6421736828768103 1.6450817199303918 1.648919809826123 1.6536575303184 1.6592612512005087 1.665697577297943 1.6729380254120918 1.680965347482363 1.6897822345415126 1.699423850216231 1.7099771229440401 1.7216122965330292 1.734634453329893 1.7495527790960719 1.7670858812836383 1.7876508638009818 1.8085785466556867 1.82914511390941 1.8489900404008603 1.867803859099381 1.8852832770916257 1.9011387712111827 1.9151094547493837 1.9269762253749652 1.9365716243609041 1.9437862197957747 1.9485715409387718 1.950939598747172 1.950958964672956 1.9487472464579976 1.9444597373305497 1.9382750394429447 1.930385751599793 1.9210400751232415 1.91085932849372 1.9024874307668291 1.896856635016851 1.8940657690396452
1.637035946014462 1.6380311003596333 1.640013640202512 1.6429685831213683 1.6468749013321826 1.6517074166084802 1.6574395892797016 1.6640474199596984 1.6715147329599307 1.679840160209168 1.6890461833689145 1.6991905571665693 1.7103800734133998 1.7227850492113748 1.7366474395081086 1.752259079273499 1.7698465632179776 1.7892432134911331 1.8093880966211768 1.8295395216798458 1.8491791157404713 1.867893948747554 1.8853261727339685 1.9011593575658654 1.9151197193908829 1.9269821537545708 1.9365766764875258 1.943793351596125 1.9485849375827022 1.9509671290970978 1.9510167792377653 1.9488691391280335 1.9447163976741146 1.9388126887646269 1.9314976972021654 1.923266184696678 1.914928594505113 1.9078081135464648 1.9027587409603295 1.900166900054945
1.6359204096390925 1.6369226875876974 1.6389200867087201 1.6418988771563523 1.6458399862886621 1.6507209988338056 1.6565191053473842 1.66321522168854 1.6707995232288517 1.6792786027636897 1.6886842879721278 1.6990836407050354 1.7105883466959015 1.7233586667253857 1.7375909314367326 1.7534675916520832 1.771041737287905 1.7900571611610179 1.8098558883220304 1.829786301545696 1.8493034187233341 1.867954980602152 1.8853557585346552 1.9011737083813947 1.9151269209220385 1.9269863291996674 1.9365802401987964 1.9437983766938478 1.948594348574827 1.9509863704280355 1.9510568404660806 1.9489523820809214 1.944887457794045 1.93915695057191 1.932165547520998 1.9244797946101322 1.916885150267603 1.9103441154899818 1.9056172883500437 1.9031556028279144
0.0 0.0 0.0 0.0 0.0 0.0 0.0 0.0 0.0 0.0 0.0 0.0 0.0 0.0 0.0 0.0 0.0 0.0 0.0 0.0 0.0 0.0 0.0 0.0 0.0 0.0 0.0 0.0 0.0 0.0 0.0 0.0 0.0 0.0 0.0 0.0 0.0 0.0 0.0 0.0
0.0 0.0 0.0 0.0 0.0 0.0 0.0 0.0 0.0 0.0 0.0 0.0 0.0 0.0 0.0 0.0 0.0 0.0 0.0 0.0 0.0 0.0 0.0 0.0 0.0 0.0 0.0 0.0 0.0 0.0 0.0 0.0 0.0 0.0 0.0 0.0 0.0 0.0 0.0 0.0
0.0 0.0 0.0 0.0 0.0 0.0 0.0 0.0 0.0 0.0 0.0 0.0 0.0 0.0 0.0 0.0 0.0 0.0 0.0 0.0 0.0 0.0 0.0 0.0 0.0 0.0 0.0 0.0 0.0 0.0 0.0 0.0 0.0 0.0 0.0 0.0 0.0 0.0 0.0 0.0
0.0 0.0 0.0 0.0 0.0 0.0 0.0 0.0 0.0 0.0 0.0 0.0 0.0 0.0 0.0 0.0 0.0 0.0 0.0 0.0 0.0 0.0 0.0 0.0 0.0 0.0 0.0 0.0 0.0 0.0 0.0 0.0 0.0 0.0 0.0 0.0 0.0 0.0 0.0 0.0
0.0 0.0 0.0 0.0 0.0 0.0 0.0 0.0 0.0 0.0 0.0 0.0 0.0 0.0 0.0 0.0 0.0 0.0 0.0 0.0 0.0 0.0 0.0 0.0 0.0 0.0 0.0 0.0 0.0 0.0 0.0 0.0 0.0 0.0 0.0 0.0 0.0 0.0 0.0 0.0
0.0 0.0 0.0 0.0 0.0 0.0 0.0 0.0 0.0 0.0 0.0 0.0 0.0 0.0 0.0 0.0 0.0 0.0 0.0 0.0 0.0 0.0 0.0 0.0 0.0 0.0 0.0 0.0 0.0 0.0 0.0 0.0 0.0 0.0 0.0 0.0 0.0 0.0 0.0 0.0
0.0 0.0 0.0 0.0 0.0 0.0 0.0 0.0 0.0 0.0 0.0 0.0 0.0 0.0 0.0 0.0 0.0 0.0 0.0 0.0 0.0 0.0 0.0 0.0 0.0 0.0 0.0 0.0 0.0 0.0 0.0 0.0 0.0 0.0 0.0 0.0 0.0 0.0 0.0 0.0
0.0 0.0 0.0 0.0 0.0 0.0 0.0 0.0 0.0 0.0 0.0 0.0 0.0 0.0 0.0 0.0 0.0 0.0 0.0 0.0 0.0 0.0 0.0 0.0 0.0 0.0 0.0 0.0 0.0 0.0 0.0 0.0 0.0 0.0 0.0 0.0 0.0 0.0 0.0 0.0
0.0 0.0 0.0 0.0 0.0 0.0 0.0 0.0 0.0 0.0 0.0 0.0 0.0 0.0 0.0 0.0 0.0 0.0 0.0 0.0 0.0 0.0 0.0 0.0 0.0 0.0 0.0 0.0 0.0 0.0 0.0 0.0 0.0 0.0 0.0 0.0 0.0 0.0 0.0 0.0
0.0 0.0 0.0 0.0 0.0 0.0 0.0 0.0 0.0 0.0 0.0 0.0 0.0 0.0 0.0 0.0 0.0 0.0 0.0 0.0 0.0 0.0 0.0 0.0 0.0 0.0 0.0 0.0 0.0 0.0 0.0 0.0 0.0 0.0 0.0 0.0 0.0 0.0 0.0 0.0
