2.0020581609828745
0.0 2.512055228411174 2.5047245569745384 2.5007235080817507 2.499883341024545 2.5016620879004186 2.505188002985231 2.509305139862975 2.5127405526319953 2.5146383039268305
2.5163588146434184 2.505028112759387 2.496993022861943 2.4925477739307804 2.49152668020184 2.4933979900241203 2.4973114750495893 2.502026595705695 2.5058282247014723 2.50785411539709
2.513935082367957 2.501537989106641 2.492426992750618 2.487416660355299 2.486291253993412 2.488538490949514 2.4934717767379033 2.499937206727832 2.5045590134286724 2.50678208854969
2.520508364230845 2.5018619802600526 2.490744012788811 2.485072376813653 2.4838740405754964 2.4865811350693696 2.4930202773456793 2.503954824836986 2.5094851795008135 2.5115399568287695
2.542545200636049 0.0 0.0 0.0 0.0 0.0 0.0 2.517449351702078 2.5213988104113243 2.521690610149839
2.5617262492652095 0.0 0.0 0.0 0.0 0.0 0.0 0.0 2.5398967728689184 2.535018591585983
2.5772847731949438 0.0 0.0 0.0 0.0 0.0 0.0 0.0 2.552037771815128 2.5458260637384926
2.5880184539703994 2.590248379442367 2.5900647411626636 2.5890846031667203 2.587435992981071 2.5846651944016674 2.579980986149509 2.5721063675849463 2.5584223322244473 2.552435098388955
2.5901113851843145 2.5854093933398867 2.582782453522826 2.5808223108529726 2.578769313270257 2.5759706943985345 2.571839481236291 2.566013068235211 2.558995975344324 2.55503010510938
2.5901189455727973 2.583289185003239 2.579353329688883 2.5767562832848023 2.574453788839602 2.5716991001767537 2.568017069738769 2.5633815800836044 2.5586107628956585 2.555723297375874
