1.1026738638136226
0.0 1.3829676145848757 1.3794870268839752 1.376646736674142 1.3746773493219508 1.3736074707490626 1.3733241139388626 1.3735844774380084 1.3740410051135896 1.3743750384330615
1.3868932381363184 1.3818885658827866 1.3780211843714112 1.3751741801166506 1.3733661471209535 1.3725598683261122 1.3726261794955448 1.3732939134014401 1.3740800822650308 1.3745890278218815
1.3870416673188102 1.3818788087626852 1.3776031774033661 1.3745986870515805 1.3728529096750066 1.3722962444629025 1.372834968631244 1.3742448067604716 1.3756171733112779 1.3764136252455261
1.3910647736105564 1.3829736841136044 1.3777918614167404 1.3745191199172602 1.3727713688054703 1.3724136124764672 1.373496382581462 1.3764018808402645 1.3787513354556251 1.3799216179487193
1.4016967406487522 0.0 0.0 0.0 0.0 0.0 0.0 1.380106457297564 1.3838980222245747 1.3852664905282184
1.4104114468871882 0.0 0.0 0.0 0.0 0.0 0.0 0.0 1.392150067494779 1.3924184049797015
1.4173383640195931 0.0 0.0 0.0 0.0 0.0 0.0 0.0 1.4003368257137427 1.4000114912290276
1.4227297234873413 1.4246802133010308 1.4251606533541528 1.4247420880579158 1.4235641902881635 1.4216195075486826 1.418812367627208 1.414877188664978 1.409039481719563 1.407140632241505
1.4250051570583255 1.424996769322356 1.4250068644772707 1.4245813158128902 1.423558885255412 1.4218699031323567 1.4195037666913073 1.4165469912176198 1.4134034999113438 1.4118488283112958
1.4259519467719428 1.4254144746997603 1.4251502571849333 1.424665261262349 1.423703140268548 1.4221646666388634 1.4200834050715778 1.4176676934469696 1.415411413498013 1.4141608581507843
