0.6921121197106647
0.0 1.3455878406859507 1.3628085320661647 1.39070201559548 1.424045084943595 1.4582007677270075 1.4894535801159106 1.5154311601960264 1.5352402948371793 1.549228063967444 1.5584757691870152 1.5642416789426108 1.5675579458772144 1.5690716469138442 0.0 0.0 0.0 0.0 0.0 0.0 0.0 0.0 0.0 0.0 0.0 0.0 0.0 0.0 0.0 0.0 0.0 0.0 0.0 0.0 0.0 0.0 1.2992164046521286 1.2994567181157486 1.299796599916332 1.300036951863667
1.330054435972817 1.3429610115832769 1.364385496369962 1.393897638936943 1.427896507877642 1.4621421990200125 1.492957559033241 1.5179291534954031 1.5361668547995662 1.5481272137856987 1.5551226605947408 1.5587357587800346 1.5603535545736902 1.5609286602834744 0.0 0.0 0.0 0.0 0.0 0.0 0.0 0.0 0.0 0.0 0.0 0.0 0.0 0.0 0.0 0.0 0.0 0.0 0.0 0.0 0.0 0.0 1.3071024442095742 1.3073537245633093 1.3077091328274406 1.3079604756343466
1.3342863446289022 1.346947191112881 1.3699320184511596 1.4006727182011292 1.435307569169067 1.4694998209106975 1.499419076520239 1.5225100208492262 1.5378636035689943 1.5461232145021395 1.5490132100370373 1.5486997421515634 1.5472134658545433 1.5460686359456721 0.0 0.0 0.0 0.0 0.0 0.0 0.0 0.0 0.0 0.0 0.0 0.0 0.0 0.0 0.0 0.0 0.0 0.0 0.0 0.0 0.0 0.0 1.3219614393407346 1.3222273431650375 1.3226034537808735 1.322869450682316
1.342483114980499 1.3552860992549802 1.3789801789757214 1.410415394626608 1.4453665891643486 1.4792071371683877 1.5078178006437981 1.528415878669096 1.5400406226256365 1.5435520740942001 1.5411798848211762 1.5358176776082142 1.5303131036927595 1.5269211957650655 0.0 0.0 0.0 0.0 0.0 0.0 0.0 0.0 0.0 0.0 0.0 0.0 0.0 0.0 0.0 0.0 0.0 0.0 0.0 0.0 0.0 0.0 1.3417627604969098 1.3420345760602896 1.3424190578265038 1.3426909815953414
1.3533924271924898 1.3662671206687038 1.3901888375951177 1.4218129288861412 1.4566609537180113 1.489812335297179 1.5168299945858694 1.5346726680064915 1.5423003153984403 1.540768606409658 1.53279934130132 1.5220118539543994 1.5120994656895064 1.5061644338098268 0.0 0.0 0.0 0.0 0.0 0.0 0.0 0.0 0.0 0.0 0.0 0.0 0.0 0.0 0.0 0.0 0.0 0.0 0.0 0.0 0.0 0.0 1.3632397967572623 1.3634954953497522 1.3638571761422404 1.364112971438547
1.3653598974470673 1.378139392903284 1.401903068111678 1.4332528103773878 1.4675769269444254 1.4997427780978234 1.5250515131583917 1.5402307777084028 1.5441481310572585 1.5379904439401852 1.5248526972723746 1.5089177237921925 1.4945711334098013 1.4857930409908684 0.0 0.0 0.0 0.0 0.0 0.0 0.0 0.0 0.0 0.0 0.0 0.0 0.0 0.0 0.0 0.0 0.0 0.0 0.0 0.0 0.0 0.0 1.3822366251336007 1.3824448492572012 1.3827393692665038 1.3829476593391055
1.3767041240836952 1.3892272804040922 1.4125166974862995 1.4431971500977236 1.476629813481077 1.5075862531840678 1.5312162396891864 1.5440931745237712 1.5450014871759794 1.5351729377331098 1.517877670936726 1.49754075914217 1.478791751934499 1.46614352059036 0.0 0.0 0.0 0.0 0.0 0.0 0.0 0.0 0.0 0.0 0.0 0.0 0.0 0.0 0.0 0.0 0.0 0.0 0.0 0.0 0.0 0.0 1.394691444748366 1.3948195995557002 1.3950008628967507 1.3951290531667262
1.3860783049423975 1.3982239658145426 1.4208035616581036 1.4505064243218087 1.4827494949427669 1.5123290007749002 1.5343806779675697 1.545437278227857 1.544241038938104 1.531998054112979 1.511948768042149 1.488370773738324 1.4652600551857702 1.4447046272061959 1.4236015605423005 0.0 0.0 0.0 0.0 0.0 0.0 0.0 0.0 0.0 0.0 0.0 0.0 0.0 0.0 0.0 0.0 0.0 0.0 0.0 0.0 0.0 1.398011571062553 1.3980355425334063 1.398069458757399 1.3980934520708563
1.392766397579586 1.4044579413193696 1.4261686957071755 1.4546647328076987 1.485472915031431 1.513520256278872 1.5340705327128317 1.5437514234255707 1.5413396030327988 1.5279986283171847 1.5068440997895154 1.4819493566267028 1.45707315803448 1.4344157766139012 1.4137921632149872 1.3942994346056559 1.3801446601860532 1.368206103678467 1.3567842996788564 1.3454503555492843 1.3348954799968191 1.3265314186951531 1.321868452997346 0.0 0.0 0.0 0.0 0.0 0.0 0.0 0.0 0.0 0.0 0.0 0.0 0.0 1.3922243438668294 1.392136733471877 1.392012852483941 1.391925268705329
1.3968098042100123 1.408003872690657 1.4287420528267731 1.4558568150903297 1.4850120363149921 1.5113482736718402 1.5303867219534277 1.5389886234990935 1.5360631293046667 1.5227531219425092 1.5020003398287838 1.4776164321282192 1.4531598164929516 1.4309856608065854 1.411863794456398 1.3956550747588632 1.382491700023858 1.3708264040366962 1.3594555849496088 1.3481263221129245 1.3375865561917653 1.329250425932853 1.3246095134774492 0.0 0.0 0.0 0.0 0.0 0.0 0.0 0.0 0.0 0.0 0.0 0.0 0.0 1.3802460486363695 1.3800606199083687 1.3797984094096578 1.379613016495678
1.398911257554317 1.4095846194373594 1.4292822010109614 1.4548810193407211 1.4821895145877009 1.5066189898616258 1.524051886663473 1.5317051075851373 1.5287187725814675 1.5162546032222985 1.49704939585103 1.4745647590366604 1.4520168923747714 1.431607896378012 1.4142201142701305 1.3996792397407039 1.3872572948842246 1.3757474229671802 1.3642821880275424 1.3528130345440745 1.342178710021903 1.3338054423561674 1.3291586548196328 0.0 0.0 0.0 0.0 0.0 0.0 0.0 0.0 0.0 0.0 0.0 0.0 0.0 1.36698528576914 1.366736930814809 1.3663857258770924 1.3661374020570594
1.400162667864965 1.4103085387731644 1.428932954771822 1.452935033598906 1.4782643921730927 1.5006356063133457 1.5163617945638077 1.523104531751887 1.5203144295511022 1.5092131041622003 1.492316473517065 1.4726569153990265 1.4529604272899759 1.435037054873984 1.419554650223719 1.4062155738122415 1.3941694293160853 1.3824441985599987 1.370484321170885 1.3584898262237495 1.3474412991767002 1.338808999287799 1.334044379537475 0.0 0.0 0.0 0.0 0.0 0.0 0.0 0.0 0.0 0.0 0.0 0.0 0.0 1.3575800029996163 1.3573208284459928 1.3569543033861349 1.3566951332878827
1.4017221225404664 1.41135795312619 1.4289323046427314 1.4513504287345185 1.4746946483773213 1.4949918965669946 1.50901592264203 1.5149180198582952 1.5125057662611345 1.5030907593056375 1.4889642412870197 1.4726782087036434 1.4563632566460747 1.4412846098520347 1.4277401340736395 1.4152782214010642 1.403107239302348 1.3905433266921488 1.3774057491282008 1.364227325552523 1.3522095662840898 1.3429231036622662 1.337836758432074 0.0 0.0 0.0 0.0 0.0 0.0 0.0 0.0 0.0 0.0 0.0 0.0 0.0 1.3555014682605186 1.355294006991777 1.3550005867117352 1.3547930893237368
1.4045697023015062 1.4137480334664476 1.4303744482872438 1.4513535407446165 1.4728894876633098 1.4913087982274216 1.5038357941523608 1.5091091918394004 1.5073006390654582 1.4998228555562214 1.4887443413881136 1.476112168997799 1.4633981723360547 1.4512255277894575 1.4394250745835042 1.4273545895958468 1.414334746574039 1.400045950921297 1.3847837317878193 1.3695243331453446 1.355787051005338 1.3453126157458974 1.3396285324095807 0.0 0.0 0.0 0.0 0.0 0.0 0.0 0.0 0.0 0.0 0.0 0.0 0.0 1.361314021592077 1.3612225500494477 1.3610931321304485 1.3610015804487097
1.4094063077698682 1.418215540675329 1.4340767210253211 1.4538968472529283 1.4739909123597672 1.4909544399973476 1.5024175931506252 1.5074617561033217 1.506592668234433 1.5013147381972685 1.4934761773004555 1.4846134510616051 1.4755061371906075 1.4660704452983313 1.455597202621599 1.443217158301651 1.4283979890625789 1.411280573685719 1.3927618444925793 1.3743821876023252 1.358074540386672 1.3458146109678875 1.3392258779803587 0.0 0.0 0.0 0.0 0.0 0.0 0.0 0.0 0.0 0.0 0.0 0.0 0.0 1.3725828986210953 1.3726642168452445 1.3727790993812845 1.3728602560062528
1.4166744743402382 1.425219911770711 1.4405414408493051 1.459563141239171 1.4787045555148315 1.4947907688862463 1.5057902385069937 1.511152082230626 1.511658652120575 1.5088805994068035 1.5044477498627022 1.4993930343248065 1.4937890001186462 1.4867949602409942 1.4770928249232775 1.4635463964258484 1.4458156226586252 1.4246412914952824 1.401672349723836 1.379127912626012 1.359426374811291 1.3448173920466002 1.3370387864785902 0.0 0.0 0.0 0.0 0.0 0.0 0.0 0.0 0.0 0.0 0.0 0.0 0.0 1.3849458075944991 1.3852417185539188 1.3856598426175908 1.3859552785883145
1.4266264723585458 1.434991489151516 1.4499656379269952 1.4685207893473735 1.4871885961843905 1.5029893651160964 1.514156668568467 1.5204193635884689 1.522765202527035 1.5227981010900367 1.5219339814288495 1.5207207115685755 1.518521438918074 1.5136886577213218 1.5042027614480216 1.4885844426574328 1.4667393164351539 1.4402536235731662 1.4117180839761414 1.3841146383621548 1.3603643173310511 1.342981272958002 1.3338042954419842 0.0 0.0 0.0 0.0 0.0 0.0 0.0 0.0 0.0 0.0 0.0 0.0 0.0 1.3938868396077313 1.3944209810614197 1.3951750707252406 1.3957075149124676
1.439360939062725 1.4475589431204445 1.462250813203209 1.4805088946926241 1.4990095477937277 1.514955413859667 1.5267854162357744 1.534425169850852 1.538996960388844 1.5421067022912234 1.5449694529876041 1.5476830428107644 1.5489151033502118 1.5461543741140007 1.5365226504150247 1.5179934831430943 1.4907159235335827 1.4576872903334779 1.4226837052585746 1.38944314139596 1.3613033714550526 1.3409621418556477 1.3303068014277064 0.0 0.0 0.0 0.0 0.0 0.0 0.0 0.0 0.0 0.0 0.0 0.0 0.0 1.396455882843839 1.397236685353677 1.3983362099698005 1.3991110332523595
1.4547813149124194 1.462716689606199 1.4769872238497528 1.4948442738204375 1.513174985506509 1.5293860772454488 1.5420911356254654 1.5513491131676858 1.5583569958007346 1.564700042563525 1.571420793858787 1.5782315712095871 1.5831586829063247 1.5827883567515562 1.5731314444890063 1.5510660446365223 1.5165610384179693 1.4757338648029312 1.4337367400459131 1.394790594916374 1.3623857507690147 1.339237402973536 1.3271961690705814 0.0 0.0 0.0 0.0 0.0 0.0 0.0 0.0 0.0 0.0 0.0 0.0 0.0 1.3922277565063939 1.3932580077769783 1.3946986186073527 1.395708790707588
1.4724756847025022 1.4799328303652024 1.4934145687184126 1.5104529806563016 1.5282452533438162 1.544462201888231 1.5578972335603765 1.568705830482876 1.578115383949066 1.587678098105475 1.5983109367665815 1.6094516626425035 1.6186325864928746 1.6216290510856477 1.6131070936764507 1.5876052272301004 1.5420956919863338 1.4921371857060217 1.4433225088803145 1.399378982649997 1.3634507058385537 1.3380537572433675 1.324918783251805 0.0 0.0 0.0 0.0 0.0 0.0 0.0 0.0 0.0 0.0 0.0 0.0 0.0 1.3831908029182394 1.3844857071085062 1.3862606328033014 1.387490252388233
1.4915641746951298 1.4982365191662872 1.510384256583101 1.5259328367948262 1.5425088346884592 1.5581353445565351 1.5718210521542793 1.5838053676444492 1.5953146421100821 1.607859857305855 1.6222892115429206 1.6379234046567863 1.6520948992359226 1.6602341039218642 1.6561597457026103 1.6308420964900103 1.562600588194514 1.503101680988085 1.4492249948529305 1.4021310466041204 1.3641410853272056 1.3374720823233788 1.3237274069298688 0.0 0.0 0.0 0.0 0.0 0.0 0.0 0.0 0.0 0.0 0.0 0.0 0.0 1.3727553070859264 1.3743816420957085 1.3764864197214302 1.3779038258117489
1.510595873037042 1.5161525697420102 1.5263647752533496 1.5396538096719794 1.5541900756642948 1.5684422538910214 1.5816831663479687 1.5942373831987189 1.607303828080722 1.6223355454453796 1.640150002293106 1.6600963824397574 1.6796610378962504 1.6948361281000939 1.7015215555566592 1.6987810202327913 0.0 0.0 0.0 0.0 0.0 0.0 0.0 0.0 0.0 0.0 0.0 0.0 0.0 0.0 0.0 0.0 0.0 0.0 0.0 0.0 1.3643767332284797 1.3665658792372861 1.3689695460115623 1.3704936134727945
1.5275847730682819 1.5317569355358043 1.539534522433461 1.5499025274922011 1.5616546004410972 1.5737743538282887 1.5858386616976663 1.5982590423355891 1.6121786561668476 1.6289576792757805 1.649369990269139 1.6728161168411622 1.6969494281474593 1.718067482771156 1.732442201663679 1.7384600497983 0.0 0.0 0.0 0.0 0.0 0.0 0.0 0.0 0.0 0.0 0.0 0.0 0.0 0.0 0.0 0.0 0.0 0.0 0.0 0.0 1.3602595042683976 1.3637945388956079 1.3662552984421337 1.3676731062759742
1.5402375006923812 1.5428959909915354 1.5479869638688015 1.5550723930561443 1.5635887703969649 1.5730553486304948 1.5833647753891396 1.5950077605323791 1.6090412444497642 1.626687771937003 1.648633220245582 1.6742883323111815 1.7013947636172058 1.7263098339325236 1.7450613662732495 1.7548250633567566 0.0 0.0 0.0 0.0 0.0 0.0 0.0 0.0 0.0 0.0 0.0 0.0 0.0 0.0 0.0 0.0 0.0 0.0 0.0 0.0 0.0 1.3679044652506616 1.3690474941618387 1.3699437413201077
1.5463520594686806 1.5475507647627518 1.5500327146985637 1.553888037595954 1.5591455877632225 1.5658211888389106 1.5740975604707064 1.5845234555345689 1.598041648578591 1.615698259017169 1.6380477659556243 1.6644722970783672 1.6927677945348867 1.7193187183377632 1.7399515730013309 1.7511775204585263 0.0 0.0 0.0 0.0 0.0 0.0 0.0 0.0 0.0 0.0 0.0 0.0 0.0 0.0 0.0 0.0 0.0 0.0 0.0 0.0 0.0 1.3746269320932891 1.3752013436687536 1.3757172931488197
1.5442918747591492 1.5442632701901442 1.544539062500104 1.5456341434809846 1.5480571413976525 1.5522275436636954 1.5585582376267508 1.567623755194076 1.5802320093629296 1.5972303854251362 1.619017693881071 1.644934431889725 1.6728510383339477 1.6992657819761625 1.7200256922442383 1.7314619386547196 0.0 0.0 0.0 0.0 0.0 0.0 0.0 0.0 0.0 0.0 0.0 0.0 0.0 0.0 0.0 0.0 0.0 0.0 0.0 0.0 0.0 1.3819559688869938 1.3822605897896962 1.38255135655172
1.5334005243483695 1.532507155558335 1.5312197490889048 1.5303402827929087 1.5307054890708973 1.5330117277243356 1.5378211709837148 1.5456971004714661 1.5573013553213564 1.5732780991475412 1.5938661935965655 1.6183714818465587 1.6447818833030285 1.6698200480324632 1.6895631193997884 1.7004782750680323 0.0 0.0 0.0 0.0 0.0 0.0 0.0 0.0 0.0 0.0 0.0 0.0 0.0 0.0 0.0 0.0 0.0 0.0 0.0 0.0 0.0 1.3876022227286338 1.3877696670967965 1.3879338346736334
1.5142325981451412 1.5128908953482867 1.5107865637424938 1.5088633570992722 1.5081257358737743 1.50941287455815 1.5133521444405444 1.5204614358858255 1.5312544356532867 1.5461803540745258 1.5653254010685391 1.587972875568933 1.6122646175629667 1.6352312242652975 1.6533225018947018 1.6633244548222916 0.0 0.0 0.0 0.0 0.0 0.0 0.0 0.0 0.0 0.0 0.0 0.0 0.0 0.0 0.0 0.0 0.0 0.0 0.0 0.0 0.0 1.389722502400992 1.3898153119380614 1.3899073680303493
1.488524552663481 1.4871220825696907 1.4849001641916906 1.4828172840125788 1.4819058162403582 1.4830318142810361 1.4868171725956618 1.4937095886932703 1.5040797629071863 1.518196092615975 1.536001669779711 1.5567628634821826 1.5787900492339595 1.5994613114346725 1.6156702353563224 1.6246102461861203 0.0 0.0 0.0 0.0 0.0 0.0 0.0 0.0 0.0 0.0 0.0 0.0 0.0 0.0 0.0 0.0 0.0 0.0 0.0 0.0 0.0 1.3874817751217103 1.3875289972259384 1.3875761428743438
1.458899444846203 1.4577243162654325 1.4559077665987232 1.4543339979311958 1.4539660177023694 1.4556175187282767 1.459859208567001 1.4670568295509243 1.477448055426616 1.4911349869892145 1.5079237279573023 1.5270586482124069 1.5470094801143317 1.5654997947127367 1.5798796014353864 1.5877739347703497 0.0 0.0 0.0 0.0 0.0 0.0 0.0 0.0 0.0 0.0 0.0 0.0 0.0 0.0 0.0 0.0 0.0 0.0 0.0 0.0 0.0 1.3814533313961375 1.3814637626825805 1.3814746564065437
1.4283745815949636 1.4275697776329952 1.4264204229547395 1.4256963548005899 1.426248221745869 1.4288041689219986 1.4338680115017735 1.441725375394792 1.4524931913693082 1.4661190637983608 1.4822735317638556 1.5001653075460513 1.5183967835791539 1.5350047443085646 1.5477673869876438 1.554724522604407 0.0 0.0 0.0 0.0 0.0 0.0 0.0 0.0 0.0 0.0 0.0 0.0 0.0 0.0 0.0 0.0 0.0 0.0 0.0 0.0 0.0 1.3737649212243077 1.3737261074756428 1.373689682255466
1.3998000869007348 1.3993490596786833 1.398839858365633 1.3989383759807488 1.4003954140263362 1.4038666165764646 1.4098021115623691 1.4184207798412496 1.42973120320097 1.443534464195403 1.459363613351579 1.4763742938364102 1.4932660027363107 1.5083385481003422 1.5197451819109675 1.5259019701745882 0.0 0.0 0.0 0.0 0.0 0.0 0.0 0.0 0.0 0.0 0.0 0.0 0.0 0.0 0.0 0.0 0.0 0.0 0.0 0.0 0.0 1.3678349445394526 1.367693117945225 1.367562673969956
1.3753752991333028 1.3751194905245865 1.3749655207707436 1.3755292430234105 1.3775213861974365 1.3815766582706233 1.3881276445559771 1.3973476169029952 1.4091476256524558 1.423186548326403 1.4388567758742394 1.4552440738412467 1.4711072572955857 1.4849492331933056 1.4952297412396662 1.5006962355698443 0.0 0.0 0.0 0.0 0.0 0.0 0.0 0.0 0.0 0.0 0.0 0.0 0.0 0.0 0.0 0.0 0.0 0.0 0.0 0.0 0.0 1.3676272837351386 1.367221823253792 1.3668704295579317
1.3563578030867602 1.3560417992949347 1.3557821960372214 1.3562280138868767 1.3581409765437686 1.3622110529314277 1.3689029678593 1.3783687662249289 1.390430373903708 1.404606263276872 1.4201457787208647 1.4360514253136414 1.4511047996234097 1.4639440295501387 1.4732468365691034 1.4780402727878 0.0 0.0 0.0 0.0 0.0 0.0 0.0 0.0 0.0 0.0 0.0 0.0 0.0 0.0 0.0 0.0 0.0 0.0 0.0 0.0 0.0 1.37661655535836 1.3754806115253275 1.3746016638856005
1.3430107197623287 1.342346298051989 1.3414608419579366 1.3411297197926926 1.3422666065084274 1.3456995551647428 1.3519772778776427 1.3612537263762843 1.3732679658376417 1.3873995391275444 1.4027555268180718 1.4182480963296054 1.4326506575660192 1.4446615915996868 1.453039296688379 1.4569339811619493 0.0 0.0 0.0 0.0 0.0 0.0 0.0 0.0 0.0 0.0 0.0 0.0 0.0 0.0 0.0 0.0 0.0 0.0 0.0 0.0 0.0 1.3970076127852082 1.3937327290964021 1.391680986961412
1.3347596017945722 1.3334963071900396 1.3315336113288299 1.3298547186551344 1.3296123890906326 1.3318427125856598 1.3372207017638043 1.3459202564230235 1.3576030566496586 1.3715140190090105 1.3866250817405459 1.401762454213224 1.4156800427872729 1.427084149297822 1.434617768714498 1.43665126943036 1.4299658743954797 0.0 0.0 0.0 0.0 0.0 0.0 0.0 0.0 0.0 0.0 0.0 0.0 0.0 0.0 0.0 0.0 0.0 0.0 0.0 1.4516566115387075 1.4301481633807238 1.4201938328186892 1.4160705779816016
1.3304807959796932 1.3284687286367978 1.325159581552936 1.3217938930387616 1.3198148838598887 1.3205061381460592 1.3246916952544041 1.3325757260309226 1.343749276134054 1.3573329864094457 1.3721793327633252 1.3870478292704373 1.4007019546810855 1.411942698746615 1.419653125021261 1.4229648641016337 1.4218536673263766 1.4200488870235788 1.4248945430620163 1.437895877648448 1.4606796705958285 1.4936354286381095 1.535142956563742 1.581513825327867 1.6276259498671553 1.6679922246187775 1.697879713140392 1.7141532553408325 1.7156937356528719 1.7034058018912863 1.6798932688863102 1.6488622763906373 1.6143027012439695 1.5795512318751115 1.5463981854571924 1.5143104581892024 1.4793543544700978 1.4585015533829995 1.4474642648625162 1.4427714548265502
1.3288307221582984 1.326061843307666 1.321392898922927 1.316324636156172 1.3125908747927653 1.3117196659368495 1.3146809240620667 1.3217107649002304 1.3323397870854186 1.3455827794294417 1.36019496052559 1.3748897126087396 1.388458116223395 1.3998168125634498 1.4080941481640914 1.412902342152346 1.4149362870715294 1.4169202576106634 1.4231754217563843 1.4367335372522738 1.459747606347313 1.492819578697429 1.534428632056241 1.5809368423298185 1.6272448110541857 1.6678664655000655 1.6980507653622168 1.7146301742093963 1.7164489841445703 1.7043860055778912 1.6810473844505867 1.6501880726563865 1.6159177708952175 1.581819167298844 1.5502214644371344 1.5219823109236572 1.4974295088709833 1.4807967617546673 1.4713031132915224 1.467139803352061
1.3285436253107432 1.3251616302464329 1.3193920270008743 1.3129471165421749 1.307795449204205 1.3056609169377262 1.3076293727096635 1.313962809834356 1.3241467171266208 1.337117696811963 1.3515614216568808 1.3661619247216745 1.3797364342052174 1.3912879816578752 1.4000963556599455 1.405979935782796 1.4097537341232598 1.4136541677570351 1.4210432481567363 1.4351687015711447 1.4584508860902816 1.491671894993758 1.5334203555164903 1.5801215757180862 1.6267060561903126 1.6676886120409813 1.698292463467505 1.715304241581255 1.7175163717211912 1.7057706810413371 1.6826750224977562 1.652047580608226 1.6181457454416432 1.5848162646349675 1.5548189747688306 1.5296294287438124 1.5099398303356342 1.4966122218170272 1.4889183141899571 1.4855308689245208
1.3286574788648218 1.3249328967332794 1.3185486775018087 1.3113357222461892 1.3053936942296636 1.3025553498267992 1.3039706433276799 1.3099158811262959 1.319852217447062 1.332674440504393 1.3470316704135614 1.3615933296709675 1.375191148233156 1.386871343902285 1.3959800154720232 1.4024042859076813 1.4069603100167332 1.4116897931712409 1.4196527082472996 1.4340992777468373 1.4575453840853043 1.4908639344831267 1.5327086144288837 1.5795455683069233 1.6263252747595613 1.667562847396659 1.6984632244636104 1.7157806010490169 1.7182706525891736 1.706748781510694 1.683823127104623 1.6533535219603126 1.6196916811791147 1.5868388002964033 1.5577631725868508 1.5341333069489462 1.516544314808548 1.504912929245797 1.4982822397266027 1.4953908386580697
0.0 0.0 0.0 0.0 0.0 0.0 0.0 0.0 0.0 0.0 0.0 0.0 0.0 0.0 0.0 0.0 0.0 0.0 0.0 0.0 0.0 0.0 0.0 0.0 0.0 0.0 0.0 0.0 0.0 0.0 0.0 0.0 0.0 0.0 0.0 0.0 0.0 0.0 0.0 0.0
0.0 0.0 0.0 0.0 0.0 0.0 0.0 0.0 0.0 0.0 0.0 0.0 0.0 0.0 0.0 0.0 0.0 0.0 0.0 0.0 0.0 0.0 0.0 0.0 0.0 0.0 0.0 0.0 0.0 0.0 0.0 0.0 0.0 0.0 0.0 0.0 0.0 0.0 0.0 0.0
0.0 0.0 0.0 0.0 0.0 0.0 0.0 0.0 0.0 0.0 0.0 0.0 0.0 0.0 0.0 0.0 0.0 0.0 0.0 0.0 0.0 0.0 0.0 0.0 0.0 0.0 0.0 0.0 0.0 0.0 0.0 0.0 0.0 0.0 0.0 0.0 0.0 0.0 0.0 0.0
0.0 0.0 0.0 0.0 0.0 0.0 0.0 0.0 0.0 0.0 0.0 0.0 0.0 0.0 0.0 0.0 0.0 0.0 0.0 0.0 0.0 0.0 0.0 0.0 0.0 0.0 0.0 0.0 0.0 0.0 0.0 0.0 0.0 0.0 0.0 0.0 0.0 0.0 0.0 0.0
0.0 0.0 0.0 0.0 0.0 0.0 0.0 0.0 0.0 0.0 0.0 0.0 0.0 0.0 0.0 0.0 0.0 0.0 0.0 0.0 0.0 0.0 0.0 0.0 0.0 0.0 0.0 0.0 0.0 0.0 0.0 0.0 0.0 0.0 0.0 0.0 0.0 0.0 0.0 0.0
0.0 0.0 0.0 0.0 0.0 0.0 0.0 0.0 0.0 0.0 0.0 0.0 0.0 0.0 0.0 0.0 0.0 0.0 0.0 0.0 0.0 0.0 0.0 0.0 0.0 0.0 0.0 0.0 0.0 0.0 0.0 0.0 0.0 0.0 0.0 0.0 0.0 0.0 0.0 0.0
0.0 0.0 0.0 0.0 0.0 0.0 0.0 0.0 0.0 0.0 0.0 0.0 0.0 0.0 0.0 0.0 0.0 0.0 0.0 0.0 0.0 0.0 0.0 0.0 0.0 0.0 0.0 0.0 0.0 0.0 0.0 0.0 0.0 0.0 0.0 0.0 0.0 0.0 0.0 0.0
0.0 0.0 0.0 0.0 0.0 0.0 0.0 0.0 0.0 0.0 0.0 0.0 0.0 0.0 0.0 0.0 0.0 0.0 0.0 0.0 0.0 0.0 0.0 0.0 0.0 0.0 0.0 0.0 0.0 0.0 0.0 0.0 0.0 0.0 0.0 0.0 0.0 0.0 0.0 0.0
0.0 0.0 0.0 0.0 0.0 0.0 0.0 0.0 0.0 0.0 0.0 0.0 0.0 0.0 0.0 0.0 0.0 0.0 0.0 0.0 0.0 0.0 0.0 0.0 0.0 0.0 0.0 0.0 0.0 0.0 0.0 0.0 0.0 0.0 0.0 0.0 0.0 0.0 0.0 0.0
0.0 0.0 0.0 0.0 0.0 0.0 0.0 0.0 0.0 0.0 0.0 0.0 0.0 0.0 0.0 0.0 0.0 0.0 0.0 0.0 0.0 0.0 0.0 0.0 0.0 0.0 0.0 0.0 0.0 0.0 0.0 0.0 0.0 0.0 0.0 0.0 0.0 0.0 0.0 0.0
