1.3366005929288818
0.0 1.7400436689754402 1.7268778380575394 1.7150144042317592 1.7047650309690954 1.696227976821844 1.6894122379572445 1.6842925592029794 1.6808496973970377 1.6791168509037888
1.7478192367804264 1.731623204945297 1.7177244249429238 1.7056754900430013 1.6954270852081794 1.6869548041927065 1.680213938238258 1.675140571889296 1.6716702543936346 1.669897865372013
1.7421788349551823 1.7263601337356578 1.7120505232140284 1.6997459983554328 1.6894090080782669 1.680940081342587 1.6742419550509149 1.6691959679459996 1.6655360516725803 1.6635952586920162
1.7441472086981524 1.7249278305001194 1.7095906817839464 1.6969425341536077 1.6864969978011022 1.6780182300789561 1.6713812203444038 1.6665411515709605 1.6622971139990967 1.6599128835261854
1.7569191038131124 0.0 0.0 0.0 0.0 0.0 0.0 1.6678444215787351 1.6617161308802888 1.6583126029028417
1.760851094078178 0.0 0.0 0.0 0.0 0.0 0.0 0.0 1.6628900509570201 1.657727674203423
1.7560271537163767 0.0 0.0 0.0 0.0 0.0 0.0 0.0 1.6618112359583006 1.6564170891674908
1.7426360519115465 1.7298813330593708 1.7178896102359742 1.7066828075852256 1.6962422203321084 1.6865114129694971 1.6773549454139238 1.668425924664503 1.6587640178582486 1.6541750718509085
1.7337303794139327 1.721013849628966 1.7091490000687781 1.6981024859190623 1.6878555424886148 1.678394890672752 1.6697214098919126 1.6619015898692249 1.6553136794343368 1.6518126224224023
1.7293145847729814 1.7166473428508966 1.7048502452206902 1.6938906452099285 1.6837587005597618 1.6744745515281518 1.6661198436264297 1.6589150427780155 1.653366855684388 1.6503892716882271
