1.1702711128277763
0.0 1.5339460071357665 1.5342807125229565 1.5313355939773179 1.5255400184822525 1.5176580090036949 1.5087880318513187 1.5003193554137817 1.4937609668538017 1.490206269797867
1.533780270214471 1.536889130538858 1.5372533336639504 1.5343611664358843 1.5284479984058552 1.520208967149871 1.5107053354013287 1.5014103456877848 1.4942835391933134 1.4904779268179997
1.533623073156985 1.5377795154330418 1.5388016232194832 1.5361380412330847 1.5300749250564962 1.5212474181151392 1.5105259256271824 1.4992723777958163 1.4910634312838398 1.4868791696892985
1.5283551355211364 1.5367786360557998 1.5391467130568222 1.5368564564348453 1.5306987461402588 1.5212842445007135 1.5089367470831845 1.4930654849560878 1.4835070498796474 1.4791629666951238
1.5136112936704755 0.0 0.0 0.0 0.0 0.0 0.0 1.4797001878295912 1.4707517080025736 1.467503634512922
1.4976237612383156 0.0 0.0 0.0 0.0 0.0 0.0 0.0 1.452941360329014 1.4535204753849613
1.4808466254828225 0.0 0.0 0.0 0.0 0.0 0.0 0.0 1.440075817805734 1.4416638426137707
1.4639496738229625 1.4546741953103897 1.4474936235101268 1.4409489592262823 1.4349687589428466 1.4300382186768987 1.426943220761614 1.4268100213152262 1.4316093591443702 1.4333511584364929
1.457115575141178 1.4540422173159218 1.448929469769656 1.4431064545728987 1.4373458896328648 1.4323681354923279 1.428887598877767 1.4275009088252093 1.4282623450457426 1.4288393472494378
1.454579310812262 1.4533907010164826 1.449414590618855 1.4441086739331717 1.438525223957815 1.4335081312099067 1.4297382521260567 1.4276206492257306 1.4270113795864328 1.426939872868473
