0.8763983472500384
0.0 1.8447064358946774 1.8451104475543767 1.8458039166745717 1.8467271927223912 1.8478320351751016 1.849068977746011 1.850383211057822 1.8517132311568298 1.8529909214035976 1.8541431197062914 1.8550952485397043 1.8557776440974885 1.8561346119886002 0.0 0.0 0.0 0.0 0.0 0.0 0.0 0.0 0.0 0.0 0.0 0.0 0.0 0.0 0.0 0.0 0.0 0.0 0.0 0.0 0.0 0.0 1.862095451519332 1.8620954510649046 1.8620954504222487 1.862095449967823
1.8442085562389117 1.8445424458471482 1.8450588874312732 1.8458110236924579 1.8467834033218669 1.8479403375102066 1.849236060751769 1.8506165307253528 1.8520195232078287 1.853374775362425 1.854605081227744 1.8556293536868929 1.8563689220440747 1.8567580901894924 0.0 0.0 0.0 0.0 0.0 0.0 0.0 0.0 0.0 0.0 0.0 0.0 0.0 0.0 0.0 0.0 0.0 0.0 0.0 0.0 0.0 0.0 1.8625520126849167 1.862552011985263 1.8625520109958074 1.8625520102961597
1.8441547541033854 1.8444627708431136 1.8450324736195733 1.8458556322063933 1.846911597671536 1.8481666157175654 1.8495763783439862 1.8510870011598894 1.852634866519852 1.8541460304741875 1.8555359473030775 1.856710774167741 1.8575726048887033 1.858032259113662 0.0 0.0 0.0 0.0 0.0 0.0 0.0 0.0 0.0 0.0 0.0 0.0 0.0 0.0 0.0 0.0 0.0 0.0 0.0 0.0 0.0 0.0 1.8634472510137672 1.8634472496910233 1.8634472478203963 1.8634472464976743
1.8441074753022937 1.8444299630661873 1.8450551073100045 1.8459645117246977 1.8471330011662892 1.8485260537812493 1.8500995912686256 1.8517997207771937 1.8535617091805303 1.8553080270687752 1.856945586705659 1.8583630580442936 1.8594314223318091 1.8600161596376832 0.0 0.0 0.0 0.0 0.0 0.0 0.0 0.0 0.0 0.0 0.0 0.0 0.0 0.0 0.0 0.0 0.0 0.0 0.0 0.0 0.0 0.0 1.86474519589093 1.8647451932305859 1.8647451894683476 1.8647451868080838
1.8441103140973916 1.8444624820603086 1.845154218614633 1.846166191523904 1.8474717261550657 1.8490359297118728 1.850815237358507 1.8527567150615027 1.8547964359160571 1.8568561962809005 1.8588375853485484 1.8606123564590729 1.8620100092336935 1.8628140844365269 0.0 0.0 0.0 0.0 0.0 0.0 0.0 0.0 0.0 0.0 0.0 0.0 0.0 0.0 0.0 0.0 0.0 0.0 0.0 0.0 0.0 0.0 1.866391467802807 1.8663914623685294 1.8663914546835105 1.8663914492495295
1.8442078239747344 1.844596895973259 1.8453646576247897 1.8464922666161616 1.8479530435351232 1.8497126193190168 1.8517289419231766 1.853951883580902 1.8563218620470818 1.858766397409504 1.8611923332434555 1.8634687044040925 1.8653902244471219 1.8666109165551983 0.0 0.0 0.0 0.0 0.0 0.0 0.0 0.0 0.0 0.0 0.0 0.0 0.0 0.0 0.0 0.0 0.0 0.0 0.0 0.0 0.0 0.0 1.8683129966386425 1.8683129854983431 1.8683129697443581 1.8683129586051561
1.844446534372289 1.844875830139717 1.8457248389245002 1.8469752853986787 1.8486010533975623 1.850568943331872 1.852839370686694 1.8553668825202774 1.8581001838898983 1.8609809793122445 1.8639396642501633 1.8668812207891647 1.8696359716791386 1.871769021018509 0.0 0.0 0.0 0.0 0.0 0.0 0.0 0.0 0.0 0.0 0.0 0.0 0.0 0.0 0.0 0.0 0.0 0.0 0.0 0.0 0.0 0.0 1.8704180063275189 1.870417983472349 1.8704179511531396 1.870417928302032
1.8448719491057874 1.8453418474284065 1.8462723882595276 1.8476457082741742 1.8494363310884738 1.8516123890906482 1.8541370616696626 1.8569702766074212 1.8600708634380652 1.8633997511602873 1.8669259929774396 1.8706414720546167 1.8746062537020471 1.8791173365637535 1.8854270541962266 0.0 0.0 0.0 0.0 0.0 0.0 0.0 0.0 0.0 0.0 0.0 0.0 0.0 0.0 0.0 0.0 0.0 0.0 0.0 0.0 0.0 1.8725965380549126 1.8725964911529154 1.8725964248341602 1.8725963779472083
1.845524895422585 1.8460331218245647 1.8470404234812787 1.8485291224651401 1.8504741494737635 1.8528446159181202 1.8556058331325123 1.8587219258472885 1.8621594760388718 1.8658932870198575 1.8699168728596234 1.8742638513821221 1.8790544754412197 1.8845950974506167 1.8915439589118126 1.9007979552803995 1.9081178402974703 1.9141262519258933 1.919045323216071 1.9229557158072503 1.9258843449204845 1.9278375512079848 1.9288148451511173 0.0 0.0 0.0 0.0 0.0 0.0 0.0 0.0 0.0 0.0 0.0 0.0 0.0 1.8747218041097737 1.8747217078218992 1.8747215716899406 1.8747214754578077
1.8464382768816663 1.8469801384388156 1.8480546650554566 1.8496441100229004 1.8517234132608957 1.8542619758728753 1.857225972376892 1.8605813135294342 1.8642975895402256 1.8683537096442242 1.8727465492173085 1.8775044792799664 1.882706518694594 1.8884975963522341 1.8950450175595652 1.9022403560823298 1.9087999560037476 1.9144769534237784 1.9192288901273544 1.9230458792737544 1.9259198162923967 1.9278419912222087 1.9288051193988334 0.0 0.0 0.0 0.0 0.0 0.0 0.0 0.0 0.0 0.0 0.0 0.0 0.0 1.8766526503763847 1.8766524525611437 1.8766521729554693 1.876651975346779
1.8476346025525323 1.8482033144928403 1.8493313893552732 1.8510007897054972 1.8531860661482746 1.855856186181749 1.8589768647758365 1.8625133918140744 1.8664340266837502 1.870714094490308 1.875340806288296 1.8803180203095362 1.885667296749627 1.8914138326318122 1.8975306520383575 1.903807707157995 1.909729028257855 1.9150133720015827 1.9195246135551052 1.9231916843279635 1.9259724929542166 1.9278401388400654 1.928777989428468 0.0 0.0 0.0 0.0 0.0 0.0 0.0 0.0 0.0 0.0 0.0 0.0 0.0 1.8782373527911393 1.8782369459561272 1.878236371152338 1.8782359650827125
1.849124393200686 1.8497115017205783 1.8508761644061866 1.8525999287289447 1.854856705432724 1.8576145452960353 1.86083781728426 1.864489659548863 1.8685345478153843 1.8729407262471391 1.8776819313816615 1.8827370293183985 1.8880844854971603 1.893686008863568 1.8994529629519625 1.9052016393259423 1.9106527263842275 1.9155841872024506 1.9198471558533168 1.9233450302446247 1.9260146575021067 1.9278149987622217 1.9287210997232545 0.0 0.0 0.0 0.0 0.0 0.0 0.0 0.0 0.0 0.0 0.0 0.0 0.0 1.879318881561091 1.8793180436018024 1.8793168605880164 1.8793160254647228
1.8509054182088382 1.8515012827624675 1.8526832677148195 1.854432522489983 1.856722304544256 1.8595196541155117 1.8627873640154624 1.866486030563567 1.8705759048220796 1.8750181395787586 1.8797747840758037 1.8848064536454492 1.8900660656293733 1.8954869746619678 1.9009661077285258 1.9063506378558013 1.911450042698121 1.916088640333963 1.920126882133622 1.9234614321818044 1.926018847556777 1.9277492834346193 1.9286218772948531 0.0 0.0 0.0 0.0 0.0 0.0 0.0 0.0 0.0 0.0 0.0 0.0 0.0 1.879741643710782 1.879739914422759 1.8797374764476904 1.8797357576666456
1.8529626290423709 1.8535569227125277 1.8547356624825526 1.8564797668850062 1.8587620789733255 1.8615489352995465 1.8648019508672533 1.8684797668117863 1.872539441679933 1.8769370797405438 1.8816271705639929 1.8865599922976237 1.8916764607778973 1.8969004051123188 1.9021301385969973 1.9072347349439498 1.9120630837468626 1.9164667355930785 1.9203163525868474 1.9235082443412008 1.9259645188631969 1.9276305216100131 1.928471816657399 0.0 0.0 0.0 0.0 0.0 0.0 0.0 0.0 0.0 0.0 0.0 0.0 0.0 1.8793595772578533 1.8793559996392648 1.8793509685687144 1.8793474298717068
1.8552686109041077 1.8558508071451 1.8570053946646026 1.8587133538761147 1.860947558663591 1.8636742611227404 1.8668547502133812 1.8704469276001603 1.8744064959874633 1.8786874111943273 1.8832412146093866 1.8880148720143155 1.8929469004632609 1.8979620740344045 1.9029661135552576 1.9078434051525266 1.9124616869103452 1.91668488717414 1.9203880689351602 1.9234670237217477 1.9258415031992233 1.9274544361784531 1.9282696382577182 0.0 0.0 0.0 0.0 0.0 0.0 0.0 0.0 0.0 0.0 0.0 0.0 0.0 1.8780453525660392 1.8780379263767646 1.878027530899176 1.8780202488710522
1.857784370183026 1.8583441970233388 1.8594542727675565 1.8610960116266746 1.8632428879577152 1.8658618633407968 1.8689149776847227 1.87236086735483 1.876155947557496 1.880254986168649 1.8846107997036021 1.8891728200891034 1.8938843306101525 1.8986783138700818 1.9034722586514492 1.9081632827432033 1.9126270025871164 1.9167260768469645 1.9203309256116496 1.923333469144501 1.925651335207306 1.9272266324716585 1.9280230058933487 0.0 0.0 0.0 0.0 0.0 0.0 0.0 0.0 0.0 0.0 0.0 0.0 0.0 1.8757003995894928 1.875684911181595 1.8756634097449667 1.8756484552433437
1.860460308457533 1.8609881612144685 1.8620347131537192 1.8635822087182152 1.8656053245789503 1.8680725558570255 1.8709477766402152 1.8741917709548246 1.877763529325959 1.881621127922038 1.8857220353113953 1.8900226803776274 1.8944769717405552 1.8990330555004327 1.903626938205016 1.9081715262668384 1.912543539136556 1.9165849157566734 1.920148200126359 1.9231170231170804 1.9254074481767656 1.9269629009821765 1.9277488045603588 0.0 0.0 0.0 0.0 0.0 0.0 0.0 0.0 0.0 0.0 0.0 0.0 0.0 1.872265644523686 1.8722331020003382 1.8721886076766514 1.8721580423939035
1.8632372975802516 1.8637246059771297 1.8646906796607934 1.8661189637208908 1.867985889325499 1.8702622178770563 1.8729145742863724 1.87590700364965 1.8792024135501755 1.8827638301607814 1.8865554812430656 1.8905437494553328 1.8946978108953696 1.8989888098313072 1.903383862574312 1.907826613033248 1.9121954451821943 1.9162677886664894 1.9198584672118642 1.922841212259345 1.925134783311211 1.926688326255393 1.9274720157160021 0.0 0.0 0.0 0.0 0.0 0.0 0.0 0.0 0.0 0.0 0.0 0.0 0.0 1.867733474690317 1.867664264642327 1.8675722380937543 1.8675103504018655
1.8660478527853779 1.8664873982357328 1.8673587125843156 1.8686467480807267 1.8703301351899544 1.8723824640922957 1.8747737577476633 1.8774720028013587 1.8804446620100872 1.8836602158895757 1.8870899818729843 1.8907107130606593 1.8945086238384123 1.8984848345079037 1.9026582388493478 1.907046779689194 1.9115687253150526 1.9158012366823036 1.9195008695975178 1.9225450012418657 1.9248687198060475 1.9264350854959533 1.9272231120893946 0.0 0.0 0.0 0.0 0.0 0.0 0.0 0.0 0.0 0.0 0.0 0.0 0.0 1.8621632435173276 1.8620129897554618 1.8618231738566973 1.8617000378983959
1.8688174849616521 1.8692036603321027 1.8699691156624485 1.8711005316065106 1.8725790477442192 1.8743814477044627 1.8764815117595572 1.8788514150859748 1.8814631226537624 1.8842898977162947 1.887308362505854 1.890502160619671 1.8938694604187982 1.8974387562724986 1.9012998445644482 1.9056449378196554 1.9106770126077917 1.9152578610249336 1.919145639074277 1.9222838282500345 1.9246522375026123 1.9262384355356394 1.927033803686784 0.0 0.0 0.0 0.0 0.0 0.0 0.0 0.0 0.0 0.0 0.0 0.0 0.0 1.855707581595964 1.8553698695503908 1.8549814759575867 1.8547441975411183
1.8714663797255227 1.8717953795521167 1.872447433370886 1.87341108008437 1.874670142849333 1.8762047844563672 1.8779926752717313 1.880010134686481 1.8822331635539522 1.8846384234506801 1.887204505478158 1.8899144707528315 1.8927623894877186 1.8957725290243215 1.8990633862299897 1.903092199075921 1.9097014941174322 1.914815183383247 1.9189040809468547 1.9221249228974024 1.924528874788526 1.9261302330777104 1.9269311812007097 0.0 0.0 0.0 0.0 0.0 0.0 0.0 0.0 0.0 0.0 0.0 0.0 0.0 1.8486714600993646 1.847868676865381 1.8470909039656507 1.846660104907546
1.8739115810015539 1.874181507591563 1.874716386688102 1.8755066572387542 1.87653888034404 1.8777966485368072 1.879261533255077 1.8809138926273714 1.8827333746695172 1.8846989878927276 1.8867886360710542 1.88897788414331 1.8912368844068799 1.8935205008534375 1.895728918549838 1.8975317406528796 0.0 0.0 0.0 0.0 0.0 0.0 0.0 0.0 0.0 0.0 0.0 0.0 0.0 0.0 0.0 0.0 0.0 0.0 0.0 0.0 1.8416740360597592 1.8396003620665884 1.83813304352199 1.837437151646955
1.8760698365397825 1.8762807088181725 1.8766984282315524 1.8773152926018657 1.8781205501039289 1.8791011749337776 1.880242610533683 1.8815292654746651 1.88294452446154 1.8844700034504782 1.886083664806841 1.887756032250155 1.8894426497904897 1.8910681033236203 1.8924909801344398 1.8934348860913301 0.0 0.0 0.0 0.0 0.0 0.0 0.0 0.0 0.0 0.0 0.0 0.0 0.0 0.0 0.0 0.0 0.0 0.0 0.0 0.0 1.8361566946220687 1.8301880445589864 1.8279070969204847 1.8270414894644407
1.8778611869593493 1.8780148451122816 1.8783190176522677 1.87876773804952 1.8793527877992064 1.8800643803813357 1.8808917670227014 1.8818235310415656 1.8828473051393646 1.8839486077747443 1.8851084140089345 1.886298887732391 1.8874763477866192 1.8885702197602126 1.889467975178251 1.8900052822693378 0.0 0.0 0.0 0.0 0.0 0.0 0.0 0.0 0.0 0.0 0.0 0.0 0.0 0.0 0.0 0.0 0.0 0.0 0.0 0.0 0.0 1.816796762504538 1.8160389019794103 1.8155783648968722
1.879213255060657 1.8793131638873608 1.8795106054370092 1.879801139142696 1.8801788116871105 1.8806368114998642 1.8811680340794983 1.8817653263215819 1.8824211544112437 1.8831264311130917 1.883868243606604 1.8846262598213566 1.885367757943552 1.8860418708077464 1.8865756999149896 1.8868800599103541 0.0 0.0 0.0 0.0 0.0 0.0 0.0 0.0 0.0 0.0 0.0 0.0 0.0 0.0 0.0 0.0 0.0 0.0 0.0 0.0 0.0 1.804233535673349 1.8039662675082977 1.803761479481227
1.8800660375262563 1.8801170023908982 1.8802171619846437 1.8803632991469688 1.8805513258150646 1.8807769782964947 1.8810364463779778 1.8813267172479375 1.8816454044722764 1.8819898513566615 1.8823553611769377 1.882732550086275 1.8831041296600264 1.8834420815717106 1.8837074132633354 1.8838563076017676 0.0 0.0 0.0 0.0 0.0 0.0 0.0 0.0 0.0 0.0 0.0 0.0 0.0 0.0 0.0 0.0 0.0 0.0 0.0 0.0 0.0 1.792342911344799 1.792244843649499 1.7921599092319596
1.8803768460717158 1.8803846647424576 1.8803989280973292 1.8804172437163293 1.8804368443951034 1.8804553918295677 1.8804717650274296 1.8804866302456409 1.8805025866183174 1.8805237115938354 1.8805544051888654 1.8805975755733588 1.8806524618268579 1.8807128005610276 1.8807665842994585 1.8807989787429658 0.0 0.0 0.0 0.0 0.0 0.0 0.0 0.0 0.0 0.0 0.0 0.0 0.0 0.0 0.0 0.0 0.0 0.0 0.0 0.0 0.0 1.7812565195135164 1.7812196361433188 1.7811855139708626
1.880124922748417 1.880096002437262 1.8800369295418238 1.8799456460588353 1.8798200170460635 1.879658800353864 1.8794626728979953 1.8792351253681152 1.8789830369490486 1.8787167674378544 1.8784496584838188 1.8781969224763944 1.8779740237291778 1.8777948272048355 1.8776699828147783 1.8776061138569882 0.0 0.0 0.0 0.0 0.0 0.0 0.0 0.0 0.0 0.0 0.0 0.0 0.0 0.0 0.0 0.0 0.0 0.0 0.0 0.0 0.0 1.7711665234725107 1.7711524335480888 1.771138924118146
1.8793151930919831 1.8792561640728416 1.8791367248586697 1.878954584692364 1.8787074253271085 1.878394079193554 1.8780158503953162 1.8775778055244547 1.8770898617645257 1.876567516728775 1.876032087585649 1.875510338200087 1.8750333500424448 1.8746344269817343 1.8743457695535264 1.8741938083656526 0.0 0.0 0.0 0.0 0.0 0.0 0.0 0.0 0.0 0.0 0.0 0.0 0.0 0.0 0.0 0.0 0.0 0.0 0.0 0.0 0.0 1.7622433800780088 1.7622379348309423 1.7622326107804094
1.877980637991893 1.8778979935264002 1.8777308615448025 1.8774761005831442 1.8771303017148764 1.8766911977709317 1.876159308921282 1.875539669076835 1.8748434835983425 1.8740895856774464 1.8733055639238578 1.872528383138289 1.8718041446173772 1.8711862621513864 1.8707308170271182 1.8704876955652467 0.0 0.0 0.0 0.0 0.0 0.0 0.0 0.0 0.0 0.0 0.0 0.0 0.0 0.0 0.0 0.0 0.0 0.0 0.0 0.0 0.0 1.754602327805454 1.7546002242624221 1.7545981410087714
1.87618286167968 1.8760826492482525 1.875879603128843 1.8755690993761933 1.8751456918412641 1.874604751180444 1.8739444307532471 1.8731678238369178 1.8722851978741006 1.8713162297966857 1.8702921949133313 1.8692580139152026 1.868273795642661 1.867414775305846 1.8667670686260462 1.866414787992615 0.0 0.0 0.0 0.0 0.0 0.0 0.0 0.0 0.0 0.0 0.0 0.0 0.0 0.0 0.0 0.0 0.0 0.0 0.0 0.0 0.0 1.7482899434299204 1.7482892971642041 1.7482886260648471
1.8740105951217554 1.8738981768857816 1.8736696445890104 1.8733182926943301 1.8728357210729072 1.8722136764035322 1.8714462935619003 1.8705326182404098 1.8694793375350243 1.868303731464555 1.867036975365185 1.8657280177387638 1.8644481461818108 1.8632955093884993 1.8623960649063112 1.8618908461749173 0.0 0.0 0.0 0.0 0.0 0.0 0.0 0.0 0.0 0.0 0.0 0.0 0.0 0.0 0.0 0.0 0.0 0.0 0.0 0.0 0.0 1.7432812271149136 1.7432818542220243 1.7432823181079637
1.8715760765827603 1.871455968458434 1.8712107314865178 1.8708310653183555 1.8703048113348668 1.8696189452741476 1.8687620090514157 1.86772686424022 1.8665137172715585 1.8651335104757063 1.8636120314433646 1.8619955125682488 1.8603590542843254 1.8588194628808274 1.857551801890421 1.8567959756213444 0.0 0.0 0.0 0.0 0.0 0.0 0.0 0.0 0.0 0.0 0.0 0.0 0.0 0.0 0.0 0.0 0.0 0.0 0.0 0.0 0.0 1.7394833047524012 1.7394870544593686 1.7394899307721219
1.8690094648498066 1.8688852546762018 1.868630310620696 1.868232365164875 1.867674898246346 1.866939215647848 1.866006959902579 1.8648629076021082 1.8634979739085384 1.8619125096183613 1.8601203294659845 1.8581546697993923 1.8560789400403273 1.8540087059930739 1.8521576856379454 1.8509213085967169 0.0 0.0 0.0 0.0 0.0 0.0 0.0 0.0 0.0 0.0 0.0 0.0 0.0 0.0 0.0 0.0 0.0 0.0 0.0 0.0 0.0 1.736742996712596 1.736757206159074 1.736766851031189
1.8664516376754903 1.8663259751340926 1.8660665402741268 1.8656579159769857 1.8650789030216695 1.8643046204463214 1.8633089873094237 1.8620673774084686 1.8605592665402284 1.858770787074163 1.8566973370707525 1.854346984948833 1.8517471531383953 1.8489630210030794 1.8461593030324348 1.8438369181207008 0.0 0.0 0.0 0.0 0.0 0.0 0.0 0.0 0.0 0.0 0.0 0.0 0.0 0.0 0.0 0.0 0.0 0.0 0.0 0.0 0.0 1.7348539287196862 1.734904424507888 1.734931387507455
1.8640458862012788 1.863920531877702 1.863660154543936 1.8632462288337113 1.862652904532724 1.8618490836001802 1.8608008021610463 1.8594736306018058 1.8578347712139653 1.8558544912749972 1.8535064208588885 1.8507658828146503 1.8476041445518943 1.8439716764643397 1.8397439452818154 1.8345171261534876 1.8267359050474195 0.0 0.0 0.0 0.0 0.0 0.0 0.0 0.0 0.0 0.0 0.0 0.0 0.0 0.0 0.0 0.0 0.0 0.0 0.0 1.7330197771152196 1.733551551632525 1.7337310786268734 1.7337905322452896
1.861929120936849 1.8618050401718405 1.8615457928397139 1.8611300210559594 1.8605276187223916 1.8597017669582923 1.8586112012199876 1.8572123607309394 1.855460998477665 1.8533127149842552 1.8507216223995353 1.8476356948214665 1.843985664035763 1.8396599606469657 1.834447818979983 1.8279139667540423 1.8191787682651528 1.8069896284430105 1.7965732082311248 1.7871818238251103 1.778576529821685 1.770698303661869 1.7635539353742338 1.7571706284463413 1.7515751070040024 1.7467824816055788 1.7427896421553177 1.7395714098408133 1.737079047311768 1.735241224256727 1.7339675969340043 1.7331549865633058 1.732695887085667 1.732488896944301 1.7324510365721597 1.7325337987491811 1.7327515664750999 1.732987598934264 1.73311616749257 1.7331686151862995
1.8602232496514524 1.860100738390992 1.8598434616719717 1.8594277234081371 1.85881989833552 1.8579784300512632 1.8568560106323322 1.85540156380962 1.8535615849754241 1.851280306225011 1.8484980095381052 1.8451465292398332 1.8411404772113746 1.8363621483691035 1.8306391814216394 1.823725664697409 1.815352151814927 1.8055892201792332 1.7960091957498585 1.786938649871606 1.778467000140244 1.7706476523353982 1.7635301531646606 1.7571593753208286 1.751569781490705 1.7467800038085879 1.7427885798404203 1.7395711261609745 1.7370793133701068 1.7352420475580264 1.7339691408021185 1.733157484626205 1.7326993891744948 1.7324923909318317 1.7324494530604135 1.7325075387941364 1.7326277313772873 1.7327544980281862 1.7328394453537925 1.7328792327092173
1.859027372780889 1.8589062059572388 1.858650786904173 1.8582357554834439 1.8576249813877055 1.8567735388831028 1.8556298388102281 1.8541375383691563 1.852236808678299 1.8498645326968728 1.8469530556577551 1.843427288613688 1.8392004772999804 1.834170359697653 1.828221222064044 1.821246686123778 1.8132259235421917 1.8043938872890142 1.7954039216195856 1.7866428988693002 1.7783243687573933 1.7705791901455414 1.7634973479943925 1.7571436790636326 1.7515623078589448 1.7467765150354553 1.7427870815535784 1.7395707259807216 1.737079689952388 1.7352432133776565 1.7339713341754077 1.7331610721226913 1.7327046139144329 1.7324986284395933 1.7324532815128018 1.7324987014964057 1.732585253389067 1.7326738733906588 1.732738322001118 1.732770737660617
1.8584113741071162 1.858290970082087 1.8580366449959107 1.8576221745969959 1.8570101282023794 1.856153833546351 1.8549994911762069 1.8534880654937003 1.8515565624283004 1.8491383535641122 1.8461623834628103 1.8425515319384131 1.8382213515339356 1.833082281504781 1.827051678438819 1.8200859879038462 1.8122427094638782 1.8037578658840803 1.7950455212061032 1.7864550585546122 1.7782297355237222 1.7705325500948979 1.7634746461004474 1.7571327169132676 1.751557060712403 1.7467740583183065 1.742786024846008 1.7395704436880632 1.7370799564025314 1.7352440384551784 1.73397289018145 1.733163635675267 1.7327084319831443 1.732503560920217 1.7324580266884668 1.7324996708956444 1.7325766934767544 1.7326542140213845 1.7327118524526222 1.7327415804984045
0.0 0.0 0.0 0.0 0.0 0.0 0.0 0.0 0.0 0.0 0.0 0.0 0.0 0.0 0.0 0.0 0.0 0.0 0.0 0.0 0.0 0.0 0.0 0.0 0.0 0.0 0.0 0.0 0.0 0.0 0.0 0.0 0.0 0.0 0.0 0.0 0.0 0.0 0.0 0.0
0.0 0.0 0.0 0.0 0.0 0.0 0.0 0.0 0.0 0.0 0.0 0.0 0.0 0.0 0.0 0.0 0.0 0.0 0.0 0.0 0.0 0.0 0.0 0.0 0.0 0.0 0.0 0.0 0.0 0.0 0.0 0.0 0.0 0.0 0.0 0.0 0.0 0.0 0.0 0.0
0.0 0.0 0.0 0.0 0.0 0.0 0.0 0.0 0.0 0.0 0.0 0.0 0.0 0.0 0.0 0.0 0.0 0.0 0.0 0.0 0.0 0.0 0.0 0.0 0.0 0.0 0.0 0.0 0.0 0.0 0.0 0.0 0.0 0.0 0.0 0.0 0.0 0.0 0.0 0.0
0.0 0.0 0.0 0.0 0.0 0.0 0.0 0.0 0.0 0.0 0.0 0.0 0.0 0.0 0.0 0.0 0.0 0.0 0.0 0.0 0.0 0.0 0.0 0.0 0.0 0.0 0.0 0.0 0.0 0.0 0.0 0.0 0.0 0.0 0.0 0.0 0.0 0.0 0.0 0.0
0.0 0.0 0.0 0.0 0.0 0.0 0.0 0.0 0.0 0.0 0.0 0.0 0.0 0.0 0.0 0.0 0.0 0.0 0.0 0.0 0.0 0.0 0.0 0.0 0.0 0.0 0.0 0.0 0.0 0.0 0.0 0.0 0.0 0.0 0.0 0.0 0.0 0.0 0.0 0.0
0.0 0.0 0.0 0.0 0.0 0.0 0.0 0.0 0.0 0.0 0.0 0.0 0.0 0.0 0.0 0.0 0.0 0.0 0.0 0.0 0.0 0.0 0.0 0.0 0.0 0.0 0.0 0.0 0.0 0.0 0.0 0.0 0.0 0.0 0.0 0.0 0.0 0.0 0.0 0.0
0.0 0.0 0.0 0.0 0.0 0.0 0.0 0.0 0.0 0.0 0.0 0.0 0.0 0.0 0.0 0.0 0.0 0.0 0.0 0.0 0.0 0.0 0.0 0.0 0.0 0.0 0.0 0.0 0.0 0.0 0.0 0.0 0.0 0.0 0.0 0.0 0.0 0.0 0.0 0.0
0.0 0.0 0.0 0.0 0.0 0.0 0.0 0.0 0.0 0.0 0.0 0.0 0.0 0.0 0.0 0.0 0.0 0.0 0.0 0.0 0.0 0.0 0.0 0.0 0.0 0.0 0.0 0.0 0.0 0.0 0.0 0.0 0.0 0.0 0.0 0.0 0.0 0.0 0.0 0.0
0.0 0.0 0.0 0.0 0.0 0.0 0.0 0.0 0.0 0.0 0.0 0.0 0.0 0.0 0.0 0.0 0.0 0.0 0.0 0.0 0.0 0.0 0.0 0.0 0.0 0.0 0.0 0.0 0.0 0.0 0.0 0.0 0.0 0.0 0.0 0.0 0.0 0.0 0.0 0.0
0.0 0.0 0.0 0.0 0.0 0.0 0.0 0.0 0.0 0.0 0.0 0.0 0.0 0.0 0.0 0.0 0.0 0.0 0.0 0.0 0.0 0.0 0.0 0.0 0.0 0.0 0.0 0.0 0.0 0.0 0.0 0.0 0.0 0.0 0.0 0.0 0.0 0.0 0.0 0.0
