1.2641601459573355
0.0 1.5900190496117919 1.5954646229186809 1.6005975371384566 1.6051239876078165 1.6088821348383278 1.6118070980966348 1.6139209490728978 1.615306844970898 1.6160065792819212
1.5864580602298666 1.5932287562712666 1.5994417967757901 1.6050414498491739 1.6098675028332168 1.613799543336596 1.6167853732657307 1.6188730646537055 1.6202453620678594 1.6209509247870233
1.5879819108950668 1.5950875567052365 1.6019103030049344 1.6079406467873785 1.6130118720366955 1.617022874383284 1.6199046474154846 1.6216956686927866 1.6229421736214469 1.6236389720380804
1.5855986315932136 1.59519799632294 1.6029184708879876 1.609330714835398 1.6145616263996747 1.6185688093744266 1.6211921178556212 1.622059192013344 1.6231402763206135 1.623929918551643
1.576584579929246 0.0 0.0 0.0 0.0 0.0 0.0 1.6190884209646632 1.620518499358196 1.6218660285583595
1.5700134233348224 0.0 0.0 0.0 0.0 0.0 0.0 0.0 1.6149183027587328 1.6180545105715363
1.5661087600154806 0.0 0.0 0.0 0.0 0.0 0.0 0.0 1.6107587361915034 1.614456797722528
1.5652514779821425 1.5672316186125441 1.5705352339941967 1.5746763691594494 1.5794931702914317 1.5849505505991806 1.591123922264286 1.5983366192956727 1.6076527733972479 1.611817594722789
1.5660097662795065 1.5698257849800552 1.5738760117509238 1.5784071391323422 1.5834634623301662 1.589030246153673 1.595051257584268 1.6013716577038069 1.6074299187735581 1.6107516234136385
1.566685719188207 1.5710956895187282 1.5755441146621465 1.5803055971217723 1.5854844379833148 1.591066623327476 1.5969159372729278 1.6026899767651965 1.6076476591005113 1.610469565624446
