1.4811523144476078
0.0 1.9497162951191078 1.9314803527188802 1.9149455234910044 1.900463196757604 1.8881759438713743 1.8781561296526412 1.8704690446160646 1.8652131606525377 1.8625393697690489
1.9592749626962744 1.9373049670824913 1.918215867896984 1.901434470322355 1.886904582696011 1.8746296507088667 1.864615623639084 1.8568818049232148 1.8514999031405175 1.8487261165677413
1.950508251234172 1.9292230214548887 1.9097520223075148 1.892688146952654 1.8780243564304875 1.8656828099804528 1.855592223855077 1.847685343952683 1.841870711976769 1.8387812619719632
1.951339596337804 1.926459983646951 1.905906723053052 1.8884681717142482 1.8736610020456028 1.8612499621184593 1.8510900041713718 1.8430552780580847 1.8361327209840042 1.83231194514957
1.965351168057434 0.0 0.0 0.0 0.0 0.0 0.0 1.8439125150266822 1.8338731131768915 1.8285446114422785
1.9675985307319033 0.0 0.0 0.0 0.0 0.0 0.0 0.0 1.8335149865941345 1.8259724903464054
1.958308694525631 0.0 0.0 0.0 0.0 0.0 0.0 0.0 1.8301014571893603 1.8224191131967211
1.9377746384214634 1.919463806437962 1.902736429202199 1.8873614332151352 1.8732183220474599 1.8601894906043532 1.8480734467315638 1.8364060478048112 1.823943569346819 1.8177709919501461
1.9246730232733327 1.9071295364565264 1.8907481993648594 1.8755926085028112 1.8616498605232554 1.8488901432811455 1.8372929465421919 1.8269160827611157 1.8182104785024071 1.813515777460839
1.9182654646527209 1.900981324144505 1.884784936550774 1.8697637758119596 1.8559529503422567 1.8433841517127008 1.8321478419735624 1.8225043635089648 1.815085766547769 1.8110768530801242
