1.2626312606331644
0.0 2.7435575317731784 2.7337194213564557 2.717453579910303 2.697286698842541 2.675494378015543 2.6540749679506512 2.6345989842336666 2.6180991368155566 2.6050505054675477 2.59544308573723 2.588925981578833 2.5849918609955767 2.583166383622018 0.0 0.0 0.0 0.0 0.0 0.0 0.0 0.0 0.0 0.0 0.0 0.0 0.0 0.0 0.0 0.0 0.0 0.0 0.0 0.0 0.0 0.0 2.8862528850435876 2.8862498000909382 2.886245437312733 2.886242352365275
2.753832204284995 2.7462847392372933 2.7342043609690543 2.7172688889226175 2.6969885242073333 2.6753313193542243 2.654186933343506 2.6350764898314454 2.6190003005031848 2.606403156419028 2.597240675865503 2.5911211579216022 2.587491353116542 2.5858326673444827 0.0 0.0 0.0 0.0 0.0 0.0 0.0 0.0 0.0 0.0 0.0 0.0 0.0 0.0 0.0 0.0 0.0 0.0 0.0 0.0 0.0 0.0 2.882234242113603 2.88223129852418 2.8822271356633973 2.8822241920786427
2.7530429221871606 2.746129636500418 2.733580334040264 2.716412503314788 2.6962333990923164 2.6749433362288104 2.6543670522234524 2.635974934740987 2.620721449743041 2.609001418868745 2.600709476413988 2.5953773447099993 2.5923597318950513 2.5910418645115656 0.0 0.0 0.0 0.0 0.0 0.0 0.0 0.0 0.0 0.0 0.0 0.0 0.0 0.0 0.0 0.0 0.0 0.0 0.0 0.0 0.0 0.0 2.8747706235057335 2.8747679527059975 2.8747641756274005 2.8747615048313584
2.750975315402762 2.7442760723651363 2.7317613356940944 2.7147426368723266 2.694946718326115 2.6742854104192553 2.654557750287445 2.6371967769204483 2.623112342044876 2.6126438150910376 2.605612396268777 2.6014488832430676 2.5993708023761455 2.598595419660733 0.0 0.0 0.0 0.0 0.0 0.0 0.0 0.0 0.0 0.0 0.0 0.0 0.0 0.0 0.0 0.0 0.0 0.0 0.0 0.0 0.0 0.0 2.8648917548876964 2.86488946906146 2.8648862364166847 2.8648839505928376
2.7477416734669085 2.7412124441437413 2.728950141378648 2.7123393856134066 2.693166142674328 2.67335926611303 2.6547073019717313 2.638618356415588 2.6259678700819107 2.6170496593124803 2.6116201217708443 2.6090081625667247 2.6082600092165604 2.608316035002823 0.0 0.0 0.0 0.0 0.0 0.0 0.0 0.0 0.0 0.0 0.0 0.0 0.0 0.0 0.0 0.0 0.0 0.0 0.0 0.0 0.0 0.0 2.8538747228872134 2.853872906440383 2.853870337597243 2.8538685211512664
2.743633861254948 2.737304313366126 2.7254204469235956 2.7093837536727734 2.690999408187004 2.6722008231308227 2.6547679759725393 2.6400933433848075 2.6290340012933364 2.6218634938700442 2.618310780838778 2.6176487941536966 2.6187727372947998 2.6202091577449713 0.0 0.0 0.0 0.0 0.0 0.0 0.0 0.0 0.0 0.0 0.0 0.0 0.0 0.0 0.0 0.0 0.0 0.0 0.0 0.0 0.0 0.0 2.842991307455558 2.8429900089368108 2.8429881725532398 2.8429868740334374
2.738972859633203 2.73287478152357 2.721443369563573 2.706074588267972 2.688567804024042 2.6708462129469073 2.6546772953760303 2.641444006692343 2.6320028387199654 2.626642318640476 2.625129997520943 2.6268054587783007 2.63061592494369 2.634776058306174 0.0 0.0 0.0 0.0 0.0 0.0 0.0 0.0 0.0 0.0 0.0 0.0 0.0 0.0 0.0 0.0 0.0 0.0 0.0 0.0 0.0 0.0 2.8332684774775028 2.833267701897663 2.833266605059024 2.8332658294747923
2.7340230793646367 2.728174699330686 2.7172295054064146 2.7025632657048066 2.6859511952962993 2.6692917555253035 2.654332554309988 2.642448369161453 2.6345072704667136 2.6308412240871686 2.6313191815733714 2.63551292480365 2.6429739400353887 2.653808902191518 2.6705558353029226 0.0 0.0 0.0 0.0 0.0 0.0 0.0 0.0 0.0 0.0 0.0 0.0 0.0 0.0 0.0 0.0 0.0 0.0 0.0 0.0 0.0 2.8253161844482606 2.825315887260255 2.8253154669634397 2.825315169762033
2.7289335368162635 2.7233381863532893 2.712880469544326 2.698903795690032 2.6831438234692655 2.667460017681943 2.6535699732676647 2.6428355931121352 2.63613666286128 2.6338490892295185 2.6359282698807034 2.6420898597322857 2.6520897155239136 2.666137483310546 2.685457999843582 2.712203175064846 2.7353306317718715 2.755831410677049 2.7737806212071923 2.78890623081545 2.800797632702885 2.8090254817680305 2.8132381580571644 0.0 0.0 0.0 0.0 0.0 0.0 0.0 0.0 0.0 0.0 0.0 0.0 0.0 2.819260862480187 2.819260948685104 2.819261070566304 2.8192611567276527
2.723705254521332 2.718353926988081 2.7083601818853222 2.6950244597060315 2.6800292796229193 2.6651813842939944 2.6521567577010887 2.642295809419572 2.6364826698499746 2.635124191677734 2.6382256850988 2.645544952118095 2.6567924141938595 2.671815878389137 2.6905973911883363 2.712534738939445 2.7340093077868532 2.753941369183053 2.771751674456048 2.786919079117946 2.798915060978059 2.8072442245685045 2.811516611200631 0.0 0.0 0.0 0.0 0.0 0.0 0.0 0.0 0.0 0.0 0.0 0.0 0.0 2.814797612196716 2.81479794668478 2.8147984196149505 2.8147987539522896
2.7181890938044826 2.7130640021435593 2.703493789677425 2.6907268271912588 2.6763806982947997 2.6621969850500498 2.6497988723400083 2.640496364875416 2.635170624461926 2.634250356387362 2.6377733986902645 2.6455082547539255 2.6570925778283443 2.6721228858385246 2.690095442074814 2.710090541975025 2.7304027141933367 2.7498701247125603 2.7676459682223062 2.7829993053406135 2.7952531846214375 2.8038092709238267 2.808211439117771 0.0 0.0 0.0 0.0 0.0 0.0 0.0 0.0 0.0 0.0 0.0 0.0 0.0 2.811344388911952 2.811344827163621 2.811345446560892 2.811345884275182
2.712114587589539 2.7071928370244467 2.6979963314268955 2.685713862043038 2.6718882778872612 2.6581855641840226 2.6461668242562584 2.6371050552441475 2.6318754271471265 2.6309293654598345 2.634343167239817 2.64191433481921 2.6532651880967637 2.667905378966751 2.6852099433657695 2.704315783276654 2.72408645911077 2.743463615338016 2.7614935957155677 2.777286896799729 2.7900156985944755 2.798959480358814 2.803577202745333 0.0 0.0 0.0 0.0 0.0 0.0 0.0 0.0 0.0 0.0 0.0 0.0 0.0 2.8082549098146847 2.8082553626107214 2.808256001565577 2.808256452419019
2.705144975240871 2.700402119456498 2.691527218782322 2.6796435202769278 2.666211364803168 2.652812970970208 2.6409405482582486 2.6318265369717166 2.6263417562279328 2.6249693398541702 2.6278437843862745 2.634829009409845 2.645600188318324 2.6596944850620936 2.676510676862303 2.695273936559745 2.715035399181279 2.734774598975675 2.753447354077913 2.7700142896091786 2.783488936781407 2.7930133362059837 2.797947220485524 0.0 0.0 0.0 0.0 0.0 0.0 0.0 0.0 0.0 0.0 0.0 0.0 0.0 2.8050310799407403 2.805031635021909 2.8050324149103987 2.8050329629181974
2.6969490314560267 2.692362515200515 2.683761588282649 2.672199275881737 2.6590473505172354 2.645798044186336 2.633869942236529 2.6244536811203574 2.618420223265271 2.616297213447115 2.6183015766230686 2.624403114500209 2.634387729011491 2.6478927326457717 2.6644023581622136 2.683217951598536 2.7034430318238862 2.724016840378724 2.74376889712213 2.7614884651209413 2.7760124800071675 2.7863298840335182 2.791689325237243 0.0 0.0 0.0 0.0 0.0 0.0 0.0 0.0 0.0 0.0 0.0 0.0 0.0 2.8014760916045387 2.8014772361499447 2.801478835915494 2.80147995460865
2.6872775995289464 2.682830101014311 2.674466432867896 2.6631655548056923 2.6502056972151022 2.6369840369913677 2.6248418177538624 2.614927326999849 2.608116432527418 2.6049937442719333 2.605881260765246 2.610889528857811 2.619961920184076 2.632887567660706 2.6492735325748185 2.6684902917099733 2.689629203789952 2.7115176345703786 2.732803620366636 2.7520689175560036 2.767951825294627 2.779274954987169 2.785168142656167 0.0 0.0 0.0 0.0 0.0 0.0 0.0 0.0 0.0 0.0 0.0 0.0 0.0 2.797746895510629 2.7977499299616286 2.7977541514220254 2.7977570912895695
2.6760324921734884 2.671715030123146 2.663568748536151 2.6524949794703305 2.6396737311638416 2.626402165588151 2.6139400995609536 2.6033917290211357 2.595640204078002 2.5913356891059367 2.590922405652802 2.5946795305159274 2.6027471120030907 2.6151125096193706 2.631545936954417 2.6514973350321185 2.6740037844727342 2.697696717132365 2.720970613495886 2.742159029410484 2.7596855916121137 2.7722032372562797 2.778723964781753 0.0 0.0 0.0 0.0 0.0 0.0 0.0 0.0 0.0 0.0 0.0 0.0 0.0 2.7942945911398076 2.7943024286862403 2.7943132527774885 2.79432074474892
2.6633175202326442 2.6591319674553464 2.651204808880875 2.640355961733506 2.627662090348853 2.6143145129292225 2.601485875254249 2.5902315936926605 2.5814397118195878 2.5758275862718554 2.573969881921749 2.576332920973606 2.5832868608686965 2.5950688647695834 2.6116766030332412 2.632687957466555 2.657056911403148 2.6830737363826307 2.7087768360878415 2.7322178855671875 2.7516115877509764 2.7654591601094554 2.7726707719337003 0.0 0.0 0.0 0.0 0.0 0.0 0.0 0.0 0.0 0.0 0.0 0.0 0.0 2.7917141819227047 2.791732967228622 2.791758564364503 2.7917760911070624
2.6494651698774017 2.6454256309333304 2.6377435438406325 2.6271531033385886 2.6146216343324764 2.601227330763561 2.588047468561848 2.5760799010185362 2.566208655014945 2.559210242271894 2.5557850050210376 2.5565902672173593 2.562249380879928 2.5733089354469945 2.5901069193685062 2.612493099550575 2.639362042625961 2.6683063877837787 2.696856753758763 2.7227892681318826 2.7441658298516964 2.7593899490500746 2.767306780647052 0.0 0.0 0.0 0.0 0.0 0.0 0.0 0.0 0.0 0.0 0.0 0.0 0.0 2.7905508226053377 2.790593397953122 2.79064997676825 2.790687987942857
2.635036763902318 2.6311692338497856 2.62378172515873 2.6135179387503444 2.6012290727141365 2.5878715612742162 2.5744167295754785 2.56179191633646 2.5508611638757843 2.542440680924279 2.5373342485600503 2.53636962815447 2.5404189073249186 2.55038703194825 2.5671297886292557 2.5911492797700086 2.621611409656054 2.6542810168581763 2.6860371958155453 2.7145351685794394 2.7378389593325108 2.7543561362861997 2.7629238540555496 0.0 0.0 0.0 0.0 0.0 0.0 0.0 0.0 0.0 0.0 0.0 0.0 0.0 2.791120176327282 2.791214065331908 2.7913331347546366 2.7914105426775877
2.620797632946752 2.6171375151183276 2.6101129337675806 2.600272343802819 2.588343940974751 2.5751533359140417 2.5615541111741287 2.5483873916317163 2.536475720012604 2.5266449849448906 2.51976052387569 2.516763991343881 2.5187095853852868 2.526823818805603 2.54264010496106 2.56815825211632 2.6048336513032986 2.642323862628037 2.677419945612524 2.708246837450479 2.7331658878571754 2.750721093879122 2.759800563626849 0.0 0.0 0.0 0.0 0.0 0.0 0.0 0.0 0.0 0.0 0.0 0.0 0.0 2.7933915269075564 2.793599197907784 2.7938405124344468 2.7939888683804655
2.607671065812103 2.604258481389191 2.5976750911903608 2.5883702495165473 2.576943458802665 2.5640816948906173 2.5505099967266864 2.5369678071681836 2.5242132684823955 2.513047068647995 2.504341005750509 2.4990587945726603 2.498274918743591 2.5032549799339425 2.5158609601057003 2.540367565786148 2.591544830134437 2.634639298993778 2.672414461675415 2.7047748816030968 2.730658134788518 2.7488049065397537 2.7581701524662865 0.0 0.0 0.0 0.0 0.0 0.0 0.0 0.0 0.0 0.0 0.0 0.0 0.0 2.7969519869466883 2.797428689144208 2.797899168755131 2.7981627293614313
2.5966754494962236 2.5935487541117133 2.5874823540869394 2.5788246722262964 2.568043617905541 2.5556830619270254 2.5423324203353017 2.5286180728144743 2.5152155815199007 2.502871536352139 2.4924167694457804 2.4847502941245527 2.4807722651009403 2.4812252376194133 2.4862792322778384 2.4940544303858014 0.0 0.0 0.0 0.0 0.0 0.0 0.0 0.0 0.0 0.0 0.0 0.0 0.0 0.0 0.0 0.0 0.0 0.0 0.0 0.0 2.801012609875875 2.802192626316384 2.8030502867244915 2.803463938007689
2.5888485987698404 2.58603702690151 2.580546837550989 2.572626843980746 2.562614820093665 2.550912348288985 2.537972264626325 2.524303812310752 2.510491608083555 2.4972152121768767 2.4852493252742036 2.475421456042168 2.4685014810380137 2.4649868291293138 2.464714743054817 2.466213505612839 0.0 0.0 0.0 0.0 0.0 0.0 0.0 0.0 0.0 0.0 0.0 0.0 0.0 0.0 0.0 0.0 0.0 0.0 0.0 0.0 2.804296979835553 2.8075601414049114 2.8088494984049093 2.8093499718285395
2.585162800883257 2.582679564162195 2.5777948811693037 2.5706632750506886 2.5614993153097276 2.550569658490053 2.538197007543237 2.5247778642804763 2.510808026090901 2.4969018917610324 2.483786522306468 2.472250724392653 2.463033269793056 2.4566430036625784 2.453126275001521 2.4518797975130875 0.0 0.0 0.0 0.0 0.0 0.0 0.0 0.0 0.0 0.0 0.0 0.0 0.0 0.0 0.0 0.0 0.0 0.0 0.0 0.0 0.0 2.8145591107201087 2.814990903955589 2.815255891178393
2.586434534229394 2.584271879851097 2.579982361575433 2.573635825897208 2.5653363787526087 2.5552299037605257 2.543522760588773 2.5305107846415154 2.516611077268374 2.502382909978135 2.4885209653703373 2.4758060943947346 2.4650068714309445 2.456740751289856 2.4513309452067666 2.4487429614141285 0.0 0.0 0.0 0.0 0.0 0.0 0.0 0.0 0.0 0.0 0.0 0.0 0.0 0.0 0.0 0.0 0.0 0.0 0.0 0.0 0.0 2.820179161238325 2.8203309114993025 2.820447643213482
2.5932346557631134 2.5913622416768005 2.587614437253886 2.581989887878889 2.574500153724798 2.5651904272938975 2.554170647693631 2.5416538750446573 2.527993472646732 2.513706143861486 2.499466474948478 2.48606213888216 2.4743081055010805 2.464932890455243 2.4584689151043055 2.455197580808017 0.0 0.0 0.0 0.0 0.0 0.0 0.0 0.0 0.0 0.0 0.0 0.0 0.0 0.0 0.0 0.0 0.0 0.0 0.0 0.0 0.0 2.8243716729980837 2.8244271597825708 2.8244753446732664
2.605807818854671 2.604175234656866 2.6008769773626255 2.5958566212374303 2.589054653882833 2.5804396982323925 2.5700492607358245 2.5580350783315313 2.5447040385931077 2.5305425868127847 2.5162123755822945 2.5025090265407717 2.490284504081359 2.4803455077015024 2.4733524278258754 2.4697498558163895 0.0 0.0 0.0 0.0 0.0 0.0 0.0 0.0 0.0 0.0 0.0 0.0 0.0 0.0 0.0 0.0 0.0 0.0 0.0 0.0 0.0 2.827058473135222 2.8270805091912004 2.8271010259582825
2.624012901516182 2.622556303762114 2.6195889744344374 2.615016344987618 2.608730426487577 2.600648741699208 2.590761763076922 2.579182553979173 2.566189294636231 2.552249516037688 2.538015581847337 2.52428519269691 2.511928308690636 2.5017913436241748 2.4945977614281456 2.490867046794051 0.0 0.0 0.0 0.0 0.0 0.0 0.0 0.0 0.0 0.0 0.0 0.0 0.0 0.0 0.0 0.0 0.0 0.0 0.0 0.0 0.0 2.828108216648689 2.8281205776141407 2.828132597711329
2.6472976414214577 2.6459494450409036 2.643186164518481 2.6388906249033974 2.632927226555182 2.6251861057187282 2.6156345748549565 2.6043684960268263 2.591654201521958 2.577950749485312 2.563903683929082 2.550305642125356 2.5380258062892946 2.5279178775509714 2.5207225124420667 2.5169821753484833 0.0 0.0 0.0 0.0 0.0 0.0 0.0 0.0 0.0 0.0 0.0 0.0 0.0 0.0 0.0 0.0 0.0 0.0 0.0 0.0 0.0 2.827240361448624 2.827255823638855 2.8272710867998176
2.6747187760003386 2.673418424605243 2.670744477913906 2.66656923376667 2.6607459075593027 2.6531562409210245 2.6437639287375965 2.632665679619655 2.6201306185549065 2.606618870650325 2.5927721270066155 2.5793730710391936 2.5672763546098403 2.557320157473501 2.550232415505054 2.5465476463736323 0.0 0.0 0.0 0.0 0.0 0.0 0.0 0.0 0.0 0.0 0.0 0.0 0.0 0.0 0.0 0.0 0.0 0.0 0.0 0.0 0.0 2.8239522519356743 2.8239863375965797 2.8240197700957332
2.7050127579308207 2.703716102902916 2.7010469288204844 2.6968741819236355 2.691049929027247 2.6834595783194257 2.6740762356024668 2.663010223029528 2.650544633258804 2.637148898188331 2.6234649109959185 2.610264247081464 2.598380060558646 2.5886223678307902 2.581689469306246 2.5780901570396004 0.0 0.0 0.0 0.0 0.0 0.0 0.0 0.0 0.0 0.0 0.0 0.0 0.0 0.0 0.0 0.0 0.0 0.0 0.0 0.0 0.0 2.8175143413299795 2.817601180614624 2.8176849717790673
2.7367120489345496 2.735397041460496 2.732689400047942 2.7284565419148126 2.7225523364808195 2.714870063571677 2.7053976666930777 2.694265435126096 2.6817771073293772 2.6684175684793354 2.654833581720723 2.6417880139125103 2.6300922661590582 2.6205253475410575 2.613750611786528 2.610243060845859 0.0 0.0 0.0 0.0 0.0 0.0 0.0 0.0 0.0 0.0 0.0 0.0 0.0 0.0 0.0 0.0 0.0 0.0 0.0 0.0 0.0 2.807040515345085 2.807268123208127 2.8074812283530832
2.7682905078939224 2.766957785060303 2.7642113269583004 2.759914167369618 2.7539186001264504 2.7461227415832856 2.7365274943025892 2.7252829287161857 2.71271503591428 2.6993272047428003 2.685774955198995 2.6728167087508656 2.6612469325010073 2.651819889670101 2.6451715931023787 2.6417463546030655 0.0 0.0 0.0 0.0 0.0 0.0 0.0 0.0 0.0 0.0 0.0 0.0 0.0 0.0 0.0 0.0 0.0 0.0 0.0 0.0 0.0 2.7915992521523223 2.7922043157364222 2.7927403032482347
2.798312357502547 2.7969806513294855 2.7942296406200944 2.7899120723053614 2.783870986137358 2.776001098818864 2.7663087583024426 2.7549580891337144 2.7422939888840574 2.7288373955162193 2.7152536158019136 2.702299431158164 2.690758181880116 2.6813724092361575 2.6747769148863663 2.6714152162579348 0.0 0.0 0.0 0.0 0.0 0.0 0.0 0.0 0.0 0.0 0.0 0.0 0.0 0.0 0.0 0.0 0.0 0.0 0.0 0.0 0.0 2.7702710572751115 2.7719120934323866 2.7732241272697333
2.825556452067688 2.8242541358502193 2.821551718410395 2.8172848681836338 2.811278188957083 2.8034125470470097 2.7936892972254754 2.7822773697860725 2.7695332650144953 2.755990166307589 2.742319170281247 2.7292718450376046 2.717618379036784 2.7080986058997785 2.7013968252764506 2.698086892363462 0.0 0.0 0.0 0.0 0.0 0.0 0.0 0.0 0.0 0.0 0.0 0.0 0.0 0.0 0.0 0.0 0.0 0.0 0.0 0.0 0.0 2.741927912691566 2.74652910240455 2.7495638083583693
2.849092907209671 2.8478479617869272 2.8452472569359717 2.8411038702282965 2.835216175904277 2.827441760826938 2.8177667886080973 2.806354939791286 2.793565018631987 2.779933732629848 2.7661282256372433 2.752880422254591 2.740922840895037 2.7309592892222745 2.723748878724529 2.720567523301394 2.7251494494417727 0.0 0.0 0.0 0.0 0.0 0.0 0.0 0.0 0.0 0.0 0.0 0.0 0.0 0.0 0.0 0.0 0.0 0.0 0.0 2.6774346407907266 2.7041267711708774 2.717715443850921 2.723849973958055
2.8683012734984152 2.8671322261764716 2.8646690950686677 2.8606998317123917 2.854992517684318 2.8473758109225757 2.837813644589979 2.8264564538938313 2.813656808185155 2.7999456507015004 2.7859740986712476 2.7724328075074864 2.7599649213515076 2.7490879838959486 2.7401253299602684 2.733061717320931 2.726768152238968 2.714482510696919 2.696224902709198 2.672809137992399 2.6450933151205374 2.614283959873374 2.5819864359303204 2.550105640535024 2.520657540525485 2.4955466321786837 2.4763601392969856 2.464217705336155 2.4596975058153956 2.462841734360017 2.473231027133444 2.490110808710971 2.5125539036795903 2.5396571357695765 2.5708106666562744 2.6062019043353994 2.6481224099273257 2.675831642396558 2.6922995954519533 2.7000166734742086
2.88283434699594 2.881744299914802 2.879425865816394 2.875643226766756 2.8701351728763576 2.862701261077226 2.853281310351799 2.8420088558288312 2.8292252094818666 2.8154497368788305 2.8013111548621237 2.787451353542679 2.774415329778361 2.762536031182966 2.751805748314088 2.74168370851201 2.7307280741878865 2.716176843497038 2.6970039979869584 2.6731848619588 2.645280334366669 2.6143791106198684 2.5820354412605795 2.550130565030523 2.520668936464755 2.495549067345266 2.4763545132165254 2.464201639717942 2.4596639848181927 2.4627751946060665 2.4730985650111794 2.489842830250756 2.5119999557383847 2.5384777366179185 2.5681851799081756 2.5999442259481156 2.6316837342029213 2.656416178153184 2.6727082885726796 2.6807248902779977
2.892544610761409 2.8915195554271094 2.889320821803005 2.885694092749494 2.88035506276209 2.8730798186323168 2.8637879385239495 2.8525976955101022 2.839839038038653 2.8260194277215214 2.81174724493825 2.797624448675897 2.7841227230222456 2.7714552290680383 2.7594509289440436 2.7474374537766777 2.734172203095501 2.718026459245497 2.6979641145652646 2.6736787888541835 2.6455347840725976 2.614510951812645 2.5821040003925857 2.5501656087779865 2.52068499730601 2.4955525002813164 2.476346570305554 2.4641789849515585 2.4596168270665935 2.4626820234141236 2.4729147423819393 2.4894771877024438 2.511267828701979 2.537009679904674 2.565264600725156 2.5943012439948028 2.6217264359902903 2.6440830684375936 2.6595229372603235 2.6673429384740626
2.897397666142164 2.896409192425532 2.8942780235856205 2.8907397331581453 2.8854973056886766 2.878313757079047 2.869097162995896 2.857956822446757 2.845215697711561 2.8313739237070816 2.8170281103928794 2.8027585211578327 2.7889996053304453 2.775909773184789 2.7632577150113686 2.7503530822859656 2.736080782601843 2.7191462408945197 2.6985822694631683 2.6740094258895555 2.645709170810748 2.614602562874258 2.582152014002649 2.5501902558851466 2.520696317243973 2.4955549204041803 2.4763409629962974 2.4641630092529905 2.4595836431603777 2.462616727756793 2.472786869272073 2.489226144992994 2.510776404399415 2.5360611130141475 2.5634910619093847 2.5911861091655686 2.616871799927389 2.638033689126043 2.652898369498098 2.6605192302391423
0.0 0.0 0.0 0.0 0.0 0.0 0.0 0.0 0.0 0.0 0.0 0.0 0.0 0.0 0.0 0.0 0.0 0.0 0.0 0.0 0.0 0.0 0.0 0.0 0.0 0.0 0.0 0.0 0.0 0.0 0.0 0.0 0.0 0.0 0.0 0.0 0.0 0.0 0.0 0.0
0.0 0.0 0.0 0.0 0.0 0.0 0.0 0.0 0.0 0.0 0.0 0.0 0.0 0.0 0.0 0.0 0.0 0.0 0.0 0.0 0.0 0.0 0.0 0.0 0.0 0.0 0.0 0.0 0.0 0.0 0.0 0.0 0.0 0.0 0.0 0.0 0.0 0.0 0.0 0.0
0.0 0.0 0.0 0.0 0.0 0.0 0.0 0.0 0.0 0.0 0.0 0.0 0.0 0.0 0.0 0.0 0.0 0.0 0.0 0.0 0.0 0.0 0.0 0.0 0.0 0.0 0.0 0.0 0.0 0.0 0.0 0.0 0.0 0.0 0.0 0.0 0.0 0.0 0.0 0.0
0.0 0.0 0.0 0.0 0.0 0.0 0.0 0.0 0.0 0.0 0.0 0.0 0.0 0.0 0.0 0.0 0.0 0.0 0.0 0.0 0.0 0.0 0.0 0.0 0.0 0.0 0.0 0.0 0.0 0.0 0.0 0.0 0.0 0.0 0.0 0.0 0.0 0.0 0.0 0.0
0.0 0.0 0.0 0.0 0.0 0.0 0.0 0.0 0.0 0.0 0.0 0.0 0.0 0.0 0.0 0.0 0.0 0.0 0.0 0.0 0.0 0.0 0.0 0.0 0.0 0.0 0.0 0.0 0.0 0.0 0.0 0.0 0.0 0.0 0.0 0.0 0.0 0.0 0.0 0.0
0.0 0.0 0.0 0.0 0.0 0.0 0.0 0.0 0.0 0.0 0.0 0.0 0.0 0.0 0.0 0.0 0.0 0.0 0.0 0.0 0.0 0.0 0.0 0.0 0.0 0.0 0.0 0.0 0.0 0.0 0.0 0.0 0.0 0.0 0.0 0.0 0.0 0.0 0.0 0.0
0.0 0.0 0.0 0.0 0.0 0.0 0.0 0.0 0.0 0.0 0.0 0.0 0.0 0.0 0.0 0.0 0.0 0.0 0.0 0.0 0.0 0.0 0.0 0.0 0.0 0.0 0.0 0.0 0.0 0.0 0.0 0.0 0.0 0.0 0.0 0.0 0.0 0.0 0.0 0.0
0.0 0.0 0.0 0.0 0.0 0.0 0.0 0.0 0.0 0.0 0.0 0.0 0.0 0.0 0.0 0.0 0.0 0.0 0.0 0.0 0.0 0.0 0.0 0.0 0.0 0.0 0.0 0.0 0.0 0.0 0.0 0.0 0.0 0.0 0.0 0.0 0.0 0.0 0.0 0.0
0.0 0.0 0.0 0.0 0.0 0.0 0.0 0.0 0.0 0.0 0.0 0.0 0.0 0.0 0.0 0.0 0.0 0.0 0.0 0.0 0.0 0.0 0.0 0.0 0.0 0.0 0.0 0.0 0.0 0.0 0.0 0.0 0.0 0.0 0.0 0.0 0.0 0.0 0.0 0.0
0.0 0.0 0.0 0.0 0.0 0.0 0.0 0.0 0.0 0.0 0.0 0.0 0.0 0.0 0.0 0.0 0.0 0.0 0.0 0.0 0.0 0.0 0.0 0.0 0.0 0.0 0.0 0.0 0.0 0.0 0.0 0.0 0.0 0.0 0.0 0.0 0.0 0.0 0.0 0.0
