1.1688102345423628
0.0 2.403880364419048 2.9068517589780343 4.26611126384228 2.8424630610275217 3.207772050898691 2.025063734816479 3.87949994863495 4.2814212023760305 1.90430901166338 2.1288062399601873 3.904638523153093 0.8161803180940134 0.5200887580141141 0.0 0.0 0.0 0.0 0.0 0.0 0.0 0.0 0.0 0.0 0.0 0.0 0.0 0.0 0.0 0.0 0.0 0.0 0.0 0.0 0.0 0.0 2.985555876488327 2.1972081130012415 0.9672152442547947 1.2686508881296512
1.5654720888104317 3.837450830823615 2.1230323098418955 1.9870550888164478 1.998271896994713 2.4476547279351157 2.9039009686985744 3.633302508690568 2.6032658861114184 1.8353668963184626 2.6266603636012245 1.616103597051532 2.4838218678178583 3.352356883443092 0.0 0.0 0.0 0.0 0.0 0.0 0.0 0.0 0.0 0.0 0.0 0.0 0.0 0.0 0.0 0.0 0.0 0.0 0.0 0.0 0.0 0.0 3.5650380603425655 2.045858489457179 3.532285495589453 0.8072692057747642
3.9643631878826433 3.0350159324676476 3.6754823725764423 4.270651032744663 1.5290711887275024 0.830620599792262 3.3793695483972552 2.1547362889481967 1.9968851200055628 1.2761118315392785 3.542091948806763 3.0994492358399386 1.8380658688870368 0.9329927285041058 0.0 0.0 0.0 0.0 0.0 0.0 0.0 0.0 0.0 0.0 0.0 0.0 0.0 0.0 0.0 0.0 0.0 0.0 0.0 0.0 0.0 0.0 3.3167986644088403 4.422169090928041 3.5964682509391186 2.6485293542997126
4.156117186374205 3.468359391775751 3.834607720421969 4.131263634578402 2.1611103149698967 0.7818268548302225 2.493465945727081 3.730655539448892 1.4064696265788874 1.1300332324915272 1.5522919177833634 1.0914796064025352 2.6545734803900225 2.0615735685639893 0.0 0.0 0.0 0.0 0.0 0.0 0.0 0.0 0.0 0.0 0.0 0.0 0.0 0.0 0.0 0.0 0.0 0.0 0.0 0.0 0.0 0.0 1.997394013319909 3.895931511523019 3.4154408362340614 3.167741651333572
1.4237701392942403 3.487955500301542 1.7073373847997049 2.9244938332834214 1.5257090803842128 0.6309342495921401 1.5927398710798082 1.5878477458085767 2.343314709192924 2.597147530032769 3.3303207411558704 2.733341486130307 1.9576051943936759 4.345795881966256 0.0 0.0 0.0 0.0 0.0 0.0 0.0 0.0 0.0 0.0 0.0 0.0 0.0 0.0 0.0 0.0 0.0 0.0 0.0 0.0 0.0 0.0 3.620344348920099 3.5822989021648994 3.912754510685815 1.0565862395774577
1.9980349505060915 2.7694910624698617 1.117545525573482 2.783527272454616 2.659993343631158 2.476412870481357 3.634404384760913 0.9022102660056015 2.9620017723441925 3.078155877951048 3.555922890327732 2.8974552024469635 3.829260287916973 4.351233622101671 0.0 0.0 0.0 0.0 0.0 0.0 0.0 0.0 0.0 0.0 0.0 0.0 0.0 0.0 0.0 0.0 0.0 0.0 0.0 0.0 0.0 0.0 1.2479968587318375 2.0794524140981987 1.7964321746749905 2.6586501721938594
4.0120518590527725 2.1346099950288826 3.714002419802143 3.1792161600831843 2.969791008981608 1.1219349123982432 1.5725403021696576 0.3223505441490674 0.7214435272122346 0.9793076751812599 3.981361588876852 1.8499934136136615 3.7696654682458295 1.7270172423821286 0.0 0.0 0.0 0.0 0.0 0.0 0.0 0.0 0.0 0.0 0.0 0.0 0.0 0.0 0.0 0.0 0.0 0.0 0.0 0.0 0.0 0.0 3.380149172178423 1.9392462705627613 2.980680886234433 1.5203046025876636
1.0128889860773729 2.1765907814825205 2.388948462889575 1.554530591501743 3.0577573787937418 3.172144814893498 2.297857107906962 0.9044398980707795 0.7743782019324299 2.652479755487541 4.119108770854464 2.0092283496245873 1.6690505869105854 3.250746736001303 3.0973246527384495 0.0 0.0 0.0 0.0 0.0 0.0 0.0 0.0 0.0 0.0 0.0 0.0 0.0 0.0 0.0 0.0 0.0 0.0 0.0 0.0 0.0 2.9567565462654906 1.0953457342396993 1.8374097436864003 1.7947716445805368
1.3819353476575602 2.2319139341981686 2.5519291039694196 1.0887270676364769 4.045372844363803 3.0743449517284605 2.0219330103606206 2.75371866983502 1.8697693488662885 1.5683462622542401 0.731155971794688 0.8853330152015562 2.661066278608817 3.938076281086224 2.2358187696509426 2.652123027281783 2.5754219680497954 4.055346669282165 3.465397523549015 2.2818925876929894 3.825322935560984 1.7544401482635135 3.9477837819607235 0.0 0.0 0.0 0.0 0.0 0.0 0.0 0.0 0.0 0.0 0.0 0.0 0.0 1.1419308727452004 0.9008707819917059 3.3239848878353433 1.3706773676826214
1.748524641050083 1.241467454930508 3.759756085449564 1.5335349065489767 2.3913264412216866 0.8412176989884228 2.173138702448936 3.106383077553513 1.1062097632059538 3.0403291400142827 1.4589753043714913 3.219802664034057 1.902485379192508 2.2068858808329037 2.8266976415309264 2.1793187382585337 3.4055955373041353 4.071037817380355 1.086135948170448 1.6203739444696184 3.2121232501165524 3.405041508217091 3.403548980422871 0.0 0.0 0.0 0.0 0.0 0.0 0.0 0.0 0.0 0.0 0.0 0.0 0.0 0.6434941016311851 1.8219239320971323 3.2080248371332862 2.9210718750692575
4.092414592750474 2.002102985331018 2.2936825086186086 3.034114463254775 3.167012630830813 0.9917777437720474 1.0563092516496901 1.867361586512306 1.4414052221084153 1.266721907148412 3.3280071791318813 1.6186683616213093 3.242615855306269 2.9438508330606314 3.0940083720406997 1.4165338776850986 1.8046804870844393 3.3875613395178097 2.0024199760002968 1.1663023543322055 1.5136467314449336 1.9142087093501423 2.3335235218859545 0.0 0.0 0.0 0.0 0.0 0.0 0.0 0.0 0.0 0.0 0.0 0.0 0.0 3.358153049439126 4.093953052636031 3.8261971568011925 3.828704629736813
2.2499134406266537 2.1752672953594905 3.507209295653351 3.9735661483162446 1.7666552931682746 2.3944227959424946 0.9587444340448903 3.4911639464359316 1.3526188772458667 3.4146213697868633 3.2768302954317625 2.66418306878394 2.651621695924996 2.3665115268900427 3.0224849459635528 3.5253136387668995 2.5311977346567107 3.827826022847469 1.8043247876791504 0.9055393703735888 3.85967018384909 3.8543299119999554 0.9298762925678415 0.0 0.0 0.0 0.0 0.0 0.0 0.0 0.0 0.0 0.0 0.0 0.0 0.0 1.2032825393225364 3.835548734128373 2.565327153690241 4.024675066902315
4.020399997655333 2.009156237144192 2.678740089030817 4.31484401010398 3.9360860352331537 2.96302891703324 1.1145559093357147 3.0196774961609205 2.9202494843100397 2.1306311337782566 1.5050896944064123 1.443068308895796 2.112400127717826 2.510079772655448 1.7779146707327558 2.9759790473650423 2.791742754423683 4.251865079320269 2.291630221642039 1.3676284509470675 1.1627286555002798 2.17975603257389 3.4111178910629496 0.0 0.0 0.0 0.0 0.0 0.0 0.0 0.0 0.0 0.0 0.0 0.0 0.0 3.466533303977668 4.221183646228272 4.122398694592499 4.154051489638526
2.2616845969309374 2.4516352956106147 0.9752657222919142 0.878560439849414 1.9285643114865543 3.194833433376103 2.309920936652681 3.1326898349608947 2.783200902356148 1.5785954705605691 2.525968833457276 4.3248491917815075 3.5403116886244073 2.1807177478487256 1.2226706304032695 3.822273798354973 1.6859630344722722 3.5301384653058836 4.13013901831739 3.450987218599468 2.364692358637516 1.4685963644537452 4.29710538435708 0.0 0.0 0.0 0.0 0.0 0.0 0.0 0.0 0.0 0.0 0.0 0.0 0.0 3.229997354361371 3.9742179849322232 1.1181936446026373 2.989398291450195
4.1997387958178285 3.1960755081505186 2.5096158811305287 1.4844354421222317 1.6063610000021828 3.7847298318158304 1.5147110579420358 3.015396896300934 2.219745955032106 4.014347419226962 2.905649955038695 3.879502478742085 3.7498545656888607 2.4495331768742865 3.847218955916091 4.396065610586652 1.598978073521709 1.5402584769339507 4.09815353187992 3.3804732547529954 1.3252685161418403 3.757089532878175 4.578004651826064 0.0 0.0 0.0 0.0 0.0 0.0 0.0 0.0 0.0 0.0 0.0 0.0 0.0 1.414103920466116 2.4743931513236235 1.0777159966515721 1.8131667976554435
2.8318082938983715 1.0432724978555368 2.372815075431479 2.449914287565919 1.653944862012483 2.6798553174244275 3.513926588567819 1.9287326680133816 3.5432698249139354 3.026622168462718 3.4465316407841575 2.2526981850415084 1.4476327181705795 2.567247690263714 2.451908956340989 3.7966530008263804 1.7310057283888036 1.2773506411793654 2.353447243641016 2.572094765072926 2.78816116978462 3.039503212784579 3.1916618047654803 0.0 0.0 0.0 0.0 0.0 0.0 0.0 0.0 0.0 0.0 0.0 0.0 0.0 3.1629524042908113 2.892584417116536 1.1791208072623292 2.3485641311981746
4.331798951820321 3.0012692376452743 2.6862564755752016 1.503349985484592 2.709736164441503 3.0074067931051665 3.5716020202307366 1.8300779638634674 2.095899935988242 3.336052275851141 3.2631727819165506 4.018482954568389 1.3293517411487512 1.6324736422128392 3.4849784551789083 3.7709963407191434 2.0064610331520534 0.9229124351220859 3.40522255387202 4.335326817028702 3.319063453753359 2.0354468788866207 1.003163565897077 0.0 0.0 0.0 0.0 0.0 0.0 0.0 0.0 0.0 0.0 0.0 0.0 0.0 2.075041292505174 2.8745042442657835 1.060954308012573 2.046702118130747
3.7975096154471415 2.3424303072579744 3.7964689874597646 1.2067089074311956 1.1817283257977675 2.0492384143928932 3.4995940253550004 2.328737066955345 2.643753059303392 3.009391652312204 3.7750610350030405 3.9799864000052048 1.314664692753564 0.7147671823143804 2.044576058228258 1.0150776181321564 1.1677480929622865 1.9292382381649962 3.489703205810429 4.281096784161009 2.5729760929622714 2.99383123015602 3.2714332220232945 0.0 0.0 0.0 0.0 0.0 0.0 0.0 0.0 0.0 0.0 0.0 0.0 0.0 1.4246925304680542 3.0098869909765615 1.192896672880427 1.730150128340957
2.3941446623223017 3.0718038185957472 3.3847609393865747 0.9396548945951153 1.3977885020080476 3.813744937633336 1.9477216604696275 1.570904192162863 4.131406923684225 1.2348646149288054 3.0129428742716557 3.7075051797427747 1.924525408256549 2.6926334711783784 2.516473894351565 1.077572675082084 3.6358875126457457 3.91194901881982 2.161886738547431 1.9971251289489982 2.7002107303643577 1.6206128419738364 3.4870900831556724 0.0 0.0 0.0 0.0 0.0 0.0 0.0 0.0 0.0 0.0 0.0 0.0 0.0 3.256819293034883 2.832381296062775 3.4594569454649884 1.2465142279283703
1.6043590519014594 1.9513067564577309 1.40301528340092 1.929319067955825 1.014531681308561 2.261076589451499 1.874768920236283 2.5679506474940332 3.9877488949944997 0.6981233176365618 0.9023063532847809 2.3758118204388525 2.1952535876057433 2.790349044166722 0.6025812942587152 1.1396864122308181 1.5123063790231086 2.1063022428902016 2.8546733851431525 2.4915777949933475 1.607538323499678 3.253017958370753 4.61788099517036 0.0 0.0 0.0 0.0 0.0 0.0 0.0 0.0 0.0 0.0 0.0 0.0 0.0 2.8551359220885195 4.178484150605504 3.979252321835938 2.0176097778516153
2.8198114346837926 2.4085577539242493 3.9530937403485797 3.6722123944961833 1.9195470809388975 1.2097078671933439 2.294369518434773 1.8076158829390345 3.049083771252411 1.1867637500478196 1.954726463791911 4.0877369443496745 2.4646373589624937 2.4930930995273357 0.9070658275896059 3.6442963214567197 1.2420015840449705 3.7280782540017285 2.955025918695879 2.367874779639868 1.2428018287049976 1.96354560106293 4.185951676112467 0.0 0.0 0.0 0.0 0.0 0.0 0.0 0.0 0.0 0.0 0.0 0.0 0.0 4.287998597435466 4.444309887388084 3.4305219799058873 2.137058303549939
3.9136163842741625 2.735557939131977 3.1025905035451795 1.8789243322835105 0.6651796005584898 0.3916306026301261 1.8934221954020032 2.4841597371179884 2.2336080673081558 2.6072610455137344 2.0598118855165684 2.602493186936691 1.8755892133558953 1.8973967233783693 1.29225765483034 2.7077342143194683 0.0 0.0 0.0 0.0 0.0 0.0 0.0 0.0 0.0 0.0 0.0 0.0 0.0 0.0 0.0 0.0 0.0 0.0 0.0 0.0 3.1566001652546216 3.2726117530303402 3.1890847404506335 2.2549781141600573
1.0621017888353963 2.4292568166290875 1.6762851746922625 3.3859266884508927 1.4692444848169923 0.9498625001739542 1.614695536147018 2.9491699802397373 3.9556568729829755 2.373301977369162 3.4308637053081372 3.354752836292189 3.2067168587744814 1.9288974804854102 0.557724414140977 0.3980997271386771 0.0 0.0 0.0 0.0 0.0 0.0 0.0 0.0 0.0 0.0 0.0 0.0 0.0 0.0 0.0 0.0 0.0 0.0 0.0 0.0 3.596442802671968 1.6023584666925048 2.18423621813618 1.8729198875854414
1.4992270023256944 4.315193643066154 3.5187051316963016 2.6024262465822967 0.7595606908416591 1.536024985108282 1.825747442993373 2.099885898113575 2.170572762517522 2.4708195618182542 1.9402434350170201 3.673542746384813 1.4443467734149187 2.162523216050345 1.2448931408484403 1.193424040007698 0.0 0.0 0.0 0.0 0.0 0.0 0.0 0.0 0.0 0.0 0.0 0.0 0.0 0.0 0.0 0.0 0.0 0.0 0.0 0.0 0.0 2.037566726429001 2.900730381060047 1.9980730367049413
0.762526268071479 3.6363834666012704 3.5392523753098657 3.3856549756650174 3.3515153094004635 2.616074588182725 3.301639709806181 1.1356838712493738 0.6529482274402798 2.2526416626545993 2.118948036548463 1.0536148376973578 2.663313719893368 2.4102888129499083 0.8018427599570475 1.8983638085609746 0.0 0.0 0.0 0.0 0.0 0.0 0.0 0.0 0.0 0.0 0.0 0.0 0.0 0.0 0.0 0.0 0.0 0.0 0.0 0.0 0.0 4.473837944823959 2.6660668214864702 1.7316481869520357
0.892395964067433 1.272658979789366 1.9994661520989927 1.9356700621065683 4.112349474765162 3.065512287914899 3.0416008571173565 2.572482915895379 1.6456324585875628 3.559395506596289 2.8120240236044896 2.465074940208978 3.878860534451288 4.093262233818672 1.8514564442436305 1.9752188796723376 0.0 0.0 0.0 0.0 0.0 0.0 0.0 0.0 0.0 0.0 0.0 0.0 0.0 0.0 0.0 0.0 0.0 0.0 0.0 0.0 0.0 4.085542870521758 1.833224767792791 0.40470737055426187
1.366151968580645 3.3541366643565764 2.7545741089745257 2.244139080427354 3.240924812846566 4.007271021996567 1.8835658718255663 1.4419155768601088 1.0795475576535096 1.0503231515319669 1.7857582166173454 1.6292568427876313 3.431081999757285 2.6948987265619033 1.2730454458668556 0.9686308975009676 0.0 0.0 0.0 0.0 0.0 0.0 0.0 0.0 0.0 0.0 0.0 0.0 0.0 0.0 0.0 0.0 0.0 0.0 0.0 0.0 0.0 2.01452825584789 2.2809648397121207 1.1836628478125728
1.8576365097304004 1.975450960879865 2.415218470413038 1.9298439760169175 1.6628316070611384 4.275435736216253 1.6020207114175675 2.7121303055827832 1.67604837796462 3.0843369161763876 2.5880471916788914 1.308911057581335 3.1790653412840233 1.59877352372587 0.789963622739147 2.533167019545263 0.0 0.0 0.0 0.0 0.0 0.0 0.0 0.0 0.0 0.0 0.0 0.0 0.0 0.0 0.0 0.0 0.0 0.0 0.0 0.0 0.0 2.59743606268493 1.4600082759249764 3.728865793504501
3.3825169931177745 4.088811741775423 3.953345287513179 2.4167406976167816 1.0812182549246616 3.714056961984636 0.9826927289854597 2.016073432298497 1.5007888116098906 2.8291342083960265 3.219119975897172 3.0288771511470705 2.773288695832105 2.984166690691104 2.177225693788235 1.4690286423359575 0.0 0.0 0.0 0.0 0.0 0.0 0.0 0.0 0.0 0.0 0.0 0.0 0.0 0.0 0.0 0.0 0.0 0.0 0.0 0.0 0.0 2.32939406541978 2.2220144926309957 3.1429518394258227
1.302418654813784 1.336667718013516 1.3316764701881278 3.2425275707407595 3.9135475892341884 3.12629685059199 2.275523429811782 1.0068102524748086 1.0382586795335271 1.9983720815535504 1.6184785604280045 2.4851203463882867 3.0403262456820532 3.5183721455707166 1.8315097576081216 2.7786450209608113 0.0 0.0 0.0 0.0 0.0 0.0 0.0 0.0 0.0 0.0 0.0 0.0 0.0 0.0 0.0 0.0 0.0 0.0 0.0 0.0 0.0 1.668842186081047 1.6013673310224066 1.420138392606347
3.721373522809115 2.2075739762409476 1.5967796749716532 3.71796489040553 3.5660853513321116 3.98980697751752 3.770381988086806 2.77542270838837 2.7757149650871398 3.92243381083618 2.7242282289184847 1.223025977959146 3.1986450325500213 3.2180239118713576 3.3616463708031943 4.288835528662774 0.0 0.0 0.0 0.0 0.0 0.0 0.0 0.0 0.0 0.0 0.0 0.0 0.0 0.0 0.0 0.0 0.0 0.0 0.0 0.0 0.0 3.6836144015953884 1.770406076856582 0.6353361500491842
3.2580367342909633 2.670033003337392 1.8029514894344518 3.8395323962667423 3.9565293074235925 2.102667302264808 3.8712341911020385 1.4701320183472357 3.5128373658152077 3.413387843192455 3.781331433017018 3.69519466150055 1.1878827595490677 3.6765671915300704 0.9470071515939074 0.8527930974433495 0.0 0.0 0.0 0.0 0.0 0.0 0.0 0.0 0.0 0.0 0.0 0.0 0.0 0.0 0.0 0.0 0.0 0.0 0.0 0.0 0.0 3.2586477590289036 2.0568652457094063 2.617427208021211
3.423993176357127 2.6407405435072495 3.5946067285107883 2.080895940827658 2.7897499175962817 1.3705971174638623 2.2429298900233685 1.5056035409814412 2.7581913201697588 4.111731072210829 4.12331514089996 1.9931154026448035 1.0191644753069067 1.284481558811996 0.9864992085349225 3.597776984502734 0.0 0.0 0.0 0.0 0.0 0.0 0.0 0.0 0.0 0.0 0.0 0.0 0.0 0.0 0.0 0.0 0.0 0.0 0.0 0.0 0.0 3.3197396965316415 0.8909819628990163 1.5730228428539934
1.4599787253707999 2.087634142914946 3.023820400054416 1.9924841809061704 3.1134457971983154 3.630424755659768 4.6487213785069335 4.096481813930358 2.926379143178237 3.829232163693683 4.28141662853272 0.8750348423348222 0.7624423367546291 3.047885478251277 2.8143524060319165 2.4685340474155537 0.0 0.0 0.0 0.0 0.0 0.0 0.0 0.0 0.0 0.0 0.0 0.0 0.0 0.0 0.0 0.0 0.0 0.0 0.0 0.0 0.0 3.7147131158547158 1.3855512413070796 3.5989849258603464
3.084101792879551 1.6264341131375013 1.6570497615016597 1.3879094179677054 2.811856221078527 2.7985360922199485 4.056374261442319 2.761608843463625 0.8222716959474439 1.101955812175078 3.041886998051979 2.900794376627972 2.400141499064808 3.7972625092502037 1.1669826845278455 2.7884510255060246 0.0 0.0 0.0 0.0 0.0 0.0 0.0 0.0 0.0 0.0 0.0 0.0 0.0 0.0 0.0 0.0 0.0 0.0 0.0 0.0 0.0 2.885620069374334 2.9283110283717084 2.4956682874329674
3.1699091723010246 3.270377099307456 2.3586714940790277 2.498476822620798 2.3464926025848047 1.0343767073853984 1.8139495764888032 3.1925951980253138 1.2076325318661953 3.029795549766864 1.165496431214025 1.1602650589485561 0.8300521370058108 2.5097000035443258 1.540354096079946 2.6649926187766084 3.002088448710641 0.0 0.0 0.0 0.0 0.0 0.0 0.0 0.0 0.0 0.0 0.0 0.0 0.0 0.0 0.0 0.0 0.0 0.0 0.0 2.187373104938661 2.6597255602002137 2.389551789168254 2.418535486263585
4.121336952299059 3.2581121473708876 1.5997290704519818 3.6943056448088196 3.563335214026226 1.943394082468586 3.3257482402941845 2.9169944653507867 3.525288032112262 2.5243180145235358 3.059146639334191 3.709978333455764 2.8738405069209776 2.3812991463170863 3.1746296739044966 2.6559985563424706 2.374255178845364 2.835189498199309 1.5146350331636242 3.566198903346405 1.62114919509993 1.34881289094571 3.4783702564435646 1.8158582545575292 0.7518791110694769 0.21745671729530325 0.5491754959058117 1.4689380680114905 2.3273881923768007 1.6780499745249164 2.242448697560783 2.339772082571802 3.676250012620957 1.2134942176536034 1.9016266798053407 0.5519253486157254 1.692826334553895 1.3657822841675662 4.094670208853206 3.925320869332839
1.7811940105165847 1.3999651115448701 2.3518227871716095 1.6414241789435486 2.44251232952571 2.9065690084895133 4.069174000890025 4.357186649018984 4.291260600605488 3.343001098060293 1.7604282523599932 3.1054091905174745 2.3420642727701773 3.649525694035642 3.7256748954512724 1.2026339777322654 0.7186076384980292 1.4020977708783007 1.5377380918628665 2.1860447467371995 2.0795664632411004 3.786448016284776 3.0685914742547964 2.4878604975374805 1.4375568043145392 1.5452294646512992 3.1723850050104923 2.2655079918867025 3.0627652490962265 1.2899874346418918 3.536631029364167 1.2100323956694958 3.681036492987739 3.657238014034637 1.520853959402666 0.9217982106103165 3.2095206224742574 0.999095654823662 1.9398202161992608 0.8074064276050517
2.525871233492823 1.6121694202962957 2.961792793824098 3.296897921709996 1.467361501617399 0.774023414907521 1.6426626958965729 2.1898912732754834 3.2911859568284454 2.262133339163411 3.585478220507426 3.4087416080100135 1.9186738410438449 3.0388137148170573 3.2385546353869166 0.7887140861372901 1.6387522556208187 1.7157953167453215 2.8445056858631195 2.4273733095309793 1.9132801991994817 4.085825462717084 1.568181777704226 1.9696836975675038 1.018525543105388 3.810579239898737 3.1238396229674037 2.7901383947484457 3.534237501929304 1.142549197254724 1.413123162256301 1.7241890517436376 2.1239783903207927 3.3850947409207035 4.328236521536448 2.6105485304167964 2.1072067601475037 2.4470601126928715 4.098650041177991 0.8928121204389265
0.847153178937492 1.8248922505099423 1.1821874646946267 4.339656872943654 4.283571457935982 3.2103413534660517 2.0646312145897108 2.4594737431231297 2.127198038305473 0.7081368998959885 2.308908070896826 1.1632663735501834 2.9891272707162932 3.8276372817392508 4.041686725310155 1.4319155259543799 3.2422198795672688 3.1245453073085034 1.9106097497632133 4.392417679395411 4.047837328084468 4.1018952710746746 2.520632375097324 3.280221501284881 3.2746476763022447 1.586435625453929 1.293657909038449 1.4813087892607408 1.2539354058332761 0.6505135610997109 1.1035472050137003 1.092315118950816 1.6187849250974824 1.7134228725038918 4.2485294671471445 1.2217798072215964 3.2270686856463056 4.1404307354832 3.767577511160835 2.0095733009188934
0.0 0.0 0.0 0.0 0.0 0.0 0.0 0.0 0.0 0.0 0.0 0.0 0.0 0.0 0.0 0.0 0.0 0.0 0.0 0.0 0.0 0.0 0.0 0.0 0.0 0.0 0.0 0.0 0.0 0.0 0.0 0.0 0.0 0.0 0.0 0.0 0.0 0.0 0.0 0.0
0.0 0.0 0.0 0.0 0.0 0.0 0.0 0.0 0.0 0.0 0.0 0.0 0.0 0.0 0.0 0.0 0.0 0.0 0.0 0.0 0.0 0.0 0.0 0.0 0.0 0.0 0.0 0.0 0.0 0.0 0.0 0.0 0.0 0.0 0.0 0.0 0.0 0.0 0.0 0.0
0.0 0.0 0.0 0.0 0.0 0.0 0.0 0.0 0.0 0.0 0.0 0.0 0.0 0.0 0.0 0.0 0.0 0.0 0.0 0.0 0.0 0.0 0.0 0.0 0.0 0.0 0.0 0.0 0.0 0.0 0.0 0.0 0.0 0.0 0.0 0.0 0.0 0.0 0.0 0.0
0.0 0.0 0.0 0.0 0.0 0.0 0.0 0.0 0.0 0.0 0.0 0.0 0.0 0.0 0.0 0.0 0.0 0.0 0.0 0.0 0.0 0.0 0.0 0.0 0.0 0.0 0.0 0.0 0.0 0.0 0.0 0.0 0.0 0.0 0.0 0.0 0.0 0.0 0.0 0.0
0.0 0.0 0.0 0.0 0.0 0.0 0.0 0.0 0.0 0.0 0.0 0.0 0.0 0.0 0.0 0.0 0.0 0.0 0.0 0.0 0.0 0.0 0.0 0.0 0.0 0.0 0.0 0.0 0.0 0.0 0.0 0.0 0.0 0.0 0.0 0.0 0.0 0.0 0.0 0.0
0.0 0.0 0.0 0.0 0.0 0.0 0.0 0.0 0.0 0.0 0.0 0.0 0.0 0.0 0.0 0.0 0.0 0.0 0.0 0.0 0.0 0.0 0.0 0.0 0.0 0.0 0.0 0.0 0.0 0.0 0.0 0.0 0.0 0.0 0.0 0.0 0.0 0.0 0.0 0.0
0.0 0.0 0.0 0.0 0.0 0.0 0.0 0.0 0.0 0.0 0.0 0.0 0.0 0.0 0.0 0.0 0.0 0.0 0.0 0.0 0.0 0.0 0.0 0.0 0.0 0.0 0.0 0.0 0.0 0.0 0.0 0.0 0.0 0.0 0.0 0.0 0.0 0.0 0.0 0.0
0.0 0.0 0.0 0.0 0.0 0.0 0.0 0.0 0.0 0.0 0.0 0.0 0.0 0.0 0.0 0.0 0.0 0.0 0.0 0.0 0.0 0.0 0.0 0.0 0.0 0.0 0.0 0.0 0.0 0.0 0.0 0.0 0.0 0.0 0.0 0.0 0.0 0.0 0.0 0.0
0.0 0.0 0.0 0.0 0.0 0.0 0.0 0.0 0.0 0.0 0.0 0.0 0.0 0.0 0.0 0.0 0.0 0.0 0.0 0.0 0.0 0.0 0.0 0.0 0.0 0.0 0.0 0.0 0.0 0.0 0.0 0.0 0.0 0.0 0.0 0.0 0.0 0.0 0.0 0.0
0.0 0.0 0.0 0.0 0.0 0.0 0.0 0.0 0.0 0.0 0.0 0.0 0.0 0.0 0.0 0.0 0.0 0.0 0.0 0.0 0.0 0.0 0.0 0.0 0.0 0.0 0.0 0.0 0.0 0.0 0.0 0.0 0.0 0.0 0.0 0.0 0.0 0.0 0.0 0.0
