1.2688157267381281
0.0 2.69012699883364 2.689859476937802 2.6893720362509406 2.6887006287194066 2.687880799775753 2.686951708766043 2.6859575496069876 2.6849477840041382 2.6839765178847466 2.683100893030676 2.6823781292304414 2.6818608242872015 2.6815905057267413 0.0 0.0 0.0 0.0 0.0 0.0 0.0 0.0 0.0 0.0 0.0 0.0 0.0 0.0 0.0 0.0 0.0 0.0 0.0 0.0 0.0 0.0 2.6109198085771483 2.6109198089803587 2.6109198095505826 2.6109198099537902
2.6900251565129447 2.6899319641092205 2.6896224516916876 2.6891091051711675 2.6884158487014633 2.6875734717005577 2.6866189167334538 2.6855952537090024 2.6845515775089317 2.683542526553815 2.682627073788998 2.681866022408526 2.6813174042252164 2.681029080655846 0.0 0.0 0.0 0.0 0.0 0.0 0.0 0.0 0.0 0.0 0.0 0.0 0.0 0.0 0.0 0.0 0.0 0.0 0.0 0.0 0.0 0.0 2.6113123289202087 2.6113123295550693 2.611312330452893 2.6113123310877464
2.689655016285861 2.689492700639997 2.689135346693796 2.6885827196270733 2.6878508741077236 2.6869659457270965 2.6859619405041473 2.6848800388376386 2.6837684679617237 2.6826825262257703 2.6816843714728726 2.6808418274244095 2.6802246712212097 2.6798958834379203 0.0 0.0 0.0 0.0 0.0 0.0 0.0 0.0 0.0 0.0 0.0 0.0 0.0 0.0 0.0 0.0 0.0 0.0 0.0 0.0 0.0 0.0 2.6121046486394706 2.6121046498695852 2.6121046516092132 2.6121046528393035
2.688988960953447 2.688793810646048 2.688396233233654 2.687799435023 2.6870174819408432 2.6860735319972613 2.684998655840429 2.683831436159541 2.682618241460921 2.6814141535075344 2.680284516719834 2.6793066288750946 2.6785695147222057 2.6781659569115694 0.0 0.0 0.0 0.0 0.0 0.0 0.0 0.0 0.0 0.0 0.0 0.0 0.0 0.0 0.0 0.0 0.0 0.0 0.0 0.0 0.0 0.0 2.6133109279161655 2.613310930443279 2.613310934017093 2.6133109365441154
2.688069282924012 2.6878525426992144 2.6874194808630225 2.686776234439532 2.6859363266306553 2.6849206216735766 2.6837570040682306 2.6824803886825386 2.681133419999051 2.679768332134566 2.678450732989828 2.6772662325575856 2.6763295570592627 2.675788341582783 0.0 0.0 0.0 0.0 0.0 0.0 0.0 0.0 0.0 0.0 0.0 0.0 0.0 0.0 0.0 0.0 0.0 0.0 0.0 0.0 0.0 0.0 2.614951424509867 2.6149514297696537 2.6149514372078766 2.6149514424673264
2.6869310280840635 2.6866965198900354 2.686230251107046 2.6855394410803664 2.6846367938088744 2.6835407345749833 2.6822753459127315 2.680870433334158 2.6793621754932717 2.6777951382385887 2.676227333505166 2.674742063048146 2.673474073671417 2.672658389142395 0.0 0.0 0.0 0.0 0.0 0.0 0.0 0.0 0.0 0.0 0.0 0.0 0.0 0.0 0.0 0.0 0.0 0.0 0.0 0.0 0.0 0.0 2.617051348767635 2.617051359735235 2.617051375244884 2.617051386211242
2.685609182338301 2.6853586202963045 2.6848607597171794 2.684122695853245 2.6831557665274053 2.681975591447384 2.680601836208104 2.679057881373078 2.6773706422281496 2.6755710384176905 2.6736965253058695 2.671800457794608 2.669986553419764 2.6685456195755184 0.0 0.0 0.0 0.0 0.0 0.0 0.0 0.0 0.0 0.0 0.0 0.0 0.0 0.0 0.0 0.0 0.0 0.0 0.0 0.0 0.0 0.0 2.619639393234661 2.6196394160857484 2.6196394483988237 2.6196394712453404
2.684140569003027 2.6838753434738982 2.6833480119659225 2.6825649470185238 2.6815357935227895 2.680273215351817 2.6787923122144455 2.677109655435945 2.6752417890044615 2.673202747419591 2.6709992574808528 2.668619203972729 2.6659967104057887 2.662883823248044 2.6583088663443926 0.0 0.0 0.0 0.0 0.0 0.0 0.0 0.0 0.0 0.0 0.0 0.0 0.0 0.0 0.0 0.0 0.0 0.0 0.0 0.0 0.0 2.622745984093139 2.6227460316361126 2.622746098860084 2.6227461463862363
2.6825639476308503 2.682285758893072 2.681732137097942 2.680908539804561 2.679822915045505 2.6784852182318484 2.6769065446281766 2.675097705156684 2.6730668891227523 2.670815612238366 2.6683310849495823 2.6655705874466067 2.6624277442438706 2.658661725878369 2.653786449829632 2.647206080389954 2.642011427198831 2.637730351392656 2.6342008896132922 2.6313729738674145 2.6292394034300366 2.627808059057142 2.6270891780173615 0.0 0.0 0.0 0.0 0.0 0.0 0.0 0.0 0.0 0.0 0.0 0.0 0.0 2.626401311863128 2.626401410629306 2.6264015502617144 2.6264016489659636
2.68091944429297 2.6806304922307076 2.6800549551688073 2.6791974324227916 2.678064433167257 2.676663786708231 2.675003680238812 2.6730911600744114 2.670929805964789 2.6685160541204676 2.66583328103474 2.662842456013394 2.6594692044330173 2.65559510071006 2.651094987640673 2.646062537822892 2.641438622977837 2.637404213168123 2.6339969238844265 2.6312355437268202 2.6291398241150756 2.6277294009863907 2.6270198983111746 0.0 0.0 0.0 0.0 0.0 0.0 0.0 0.0 0.0 0.0 0.0 0.0 0.0 2.6306332071677367 2.630633412054287 2.6306337016449564 2.6306339063034305
2.67924774518715 2.678950718165954 2.678358707003656 2.6774756382416958 2.676306976537226 2.674859146916317 2.6731386629399885 2.6711508771426398 2.668898244358482 2.6663779910087064 2.663579235161559 2.660480275986192 2.6570489554209114 2.653254723227965 2.6491118703686727 2.644776446533271 2.6406296144255634 2.6368836618739215 2.6336490989197134 2.6309922650369466 2.6289595582224203 2.6275850559230594 2.626891899911268 0.0 0.0 0.0 0.0 0.0 0.0 0.0 0.0 0.0 0.0 0.0 0.0 0.0 2.6354649322714816 2.635465356794134 2.635465956558426 2.635466380240784
2.6775892463513977 2.677287216221034 2.676684970492022 2.675785986346237 2.674595090273566 2.6731179691985023 2.6713604949203034 2.6693278658272086 2.6670236140876704 2.6644486444025586 2.661600761329182 2.658475796338482 2.655072720992963 2.65140695971001 2.6475363903178497 2.6435947313935477 2.639790680214051 2.6362959613153762 2.633233225410587 2.6306898066788578 2.628729254825011 2.6273972205302694 2.626723716248756 0.0 0.0 0.0 0.0 0.0 0.0 0.0 0.0 0.0 0.0 0.0 0.0 0.0 2.6409129574470582 2.6409138363336706 2.6409150770397716 2.640915952829439
2.675983248092746 2.6756795312595525 2.6750737773037483 2.674169215735883 2.6729703689053945 2.6714826785270747 2.66971204384242 2.6676643353658007 2.665345018058114 2.662759149671588 2.659912253348962 2.6568129260116216 2.6534784533461586 2.649944685440472 2.646279591617213 2.642593842448 2.639032010840844 2.6357337333407678 2.6328169500357332 2.6303758707543974 2.628483172182409 2.6271921376323 2.626537882892647 0.0 0.0 0.0 0.0 0.0 0.0 0.0 0.0 0.0 0.0 0.0 0.0 0.0 2.646984777172352 2.646986596260021 2.646989160571731 2.6469909682421746
2.674467225548958 2.67416524633719 2.67356290711494 2.6726633406870266 2.671470992559295 2.669991349716507 2.668230648255215 2.666195649754212 2.6638936432745566 2.6613329337237546 2.658524219039618 2.655483400470819 2.6522363714262065 2.6488258505015905 2.6453188094226965 2.6418102533910046 2.6384170261141593 2.6352605967250358 2.632453415591949 2.6300917847549283 2.628253127754077 2.626995342330225 2.6263568674806494 0.0 0.0 0.0 0.0 0.0 0.0 0.0 0.0 0.0 0.0 0.0 0.0 0.0 2.6536767836845803 2.6536805509289683 2.6536858478465515 2.653689572991179
2.6730761740052893 2.672779349503595 2.672187309680427 2.6713031865011563 2.670131474921529 2.668677829066062 2.6669488673797597 2.6649520753702363 2.662695947306979 2.6601905806128148 2.6574490197485323 2.654489701081088 2.6513402768593717 2.648042708551581 2.644658593014265 2.6412722478696447 2.637988097874334 2.6349207180690453 2.6321816334454726 2.6298694505125972 2.6280647184548425 2.6268280291500274 2.6261996514739185 0.0 0.0 0.0 0.0 0.0 0.0 0.0 0.0 0.0 0.0 0.0 0.0 0.0 2.66097213317861 2.6609799491754402 2.660990887698458 2.6609985484366727
2.6718420127880473 2.6715536654832626 2.6709785997647164 2.6701199982986457 2.6689824591915117 2.6675718201947762 2.66589498930108 2.6639598506938316 2.661775350325928 2.6593519135080212 2.656702407080013 2.6538439213060316 2.6508006812374862 2.6476083278348597 2.644319457647304 2.6410093015369025 2.6377782369850737 2.6347450432199415 2.632027769960212 2.629729990099194 2.6279349897506687 2.626704525269004 2.6260792271296096 0.0 0.0 0.0 0.0 0.0 0.0 0.0 0.0 0.0 0.0 0.0 0.0 0.0 2.668838369153836 2.668854646267383 2.6688772338822084 2.6688929383839914
2.670793030568541 2.6705163266221725 2.6699645825435265 2.6691410551407775 2.66805046095344 2.66669879764767 2.6650931467254337 2.663241495481589 2.661152631120525 2.6588361835419128 2.6563029382169683 2.653565637827746 2.6506407058685046 2.647551750010132 2.6443363051403206 2.6410572326331505 2.637816265968743 2.6347535408039637 2.6320049786890403 2.6296824188891788 2.627870791938389 2.6266306773108052 2.626001061884466 0.0 0.0 0.0 0.0 0.0 0.0 0.0 0.0 0.0 0.0 0.0 0.0 0.0 2.677224209975017 2.677258342527124 2.6773049812406167 2.6773370018594354
2.6699533629129877 2.669691269973574 2.6691687892566693 2.668389260909308 2.667357523766763 2.666079719758482 2.664563045844701 2.662815455884809 2.6608453047384515 2.6586609131576906 2.6562700295067105 2.65367922846522 2.6508935833928553 2.647917892637553 2.6447631072310935 2.6414657502215704 2.638128306654854 2.634952851846208 2.6321104844306498 2.6297214934958575 2.6278674818124323 2.62660311573935 2.625962620237611 0.0 0.0 0.0 0.0 0.0 0.0 0.0 0.0 0.0 0.0 0.0 0.0 0.0 2.6860541188026987 2.686126569414021 2.68622280457211 2.6862874653715627
2.6693425047980783 2.6690977630462953 2.66861002657549 2.6678827203703737 2.666920809795198 2.6657305931108595 2.6643194147885447 2.6626952718106947 2.6608662486315016 2.658839651189796 2.6566206049165126 2.6542097451661246 2.651599588299322 2.6487698502071404 2.6456857367760493 2.6423172068224616 2.6387332786320754 2.6353260442109487 2.6323185873489425 2.6298246489337163 2.6279082639825493 2.6266097033070754 2.6259542006611754 0.0 0.0 0.0 0.0 0.0 0.0 0.0 0.0 0.0 0.0 0.0 0.0 0.0 2.6952173726578903 2.6953744216866227 2.6955724906139134 2.6957008024505957
2.6689748720473068 2.6687499744783163 2.6683019621634676 2.6676343364430815 2.666752187862565 2.6656619973926268 2.6643713528404804 2.6628885404511538 2.661221920607359 2.659378892434924 2.6573640354995547 2.65517555228593 2.6527981369544 2.6501884576060153 2.647247456582059 2.643785473966445 2.639614858480163 2.635805538241153 2.6325689577307383 2.62994957672477 2.6279654694654164 2.6266318764684073 2.625961462833924 0.0 0.0 0.0 0.0 0.0 0.0 0.0 0.0 0.0 0.0 0.0 0.0 0.0 2.7045432421988487 2.7048959350027526 2.70530051235097 2.705547154686094
2.668859432942568 2.668656614134972 2.6682527790620476 2.6676514779827554 2.666857899885486 2.6658787083154927 2.6647218139026254 2.6633960579883222 2.6619107438906977 2.660274870388655 2.658495730530637 2.6565760328168078 2.654507158992601 2.652250764974969 2.6496795317680406 2.646354664468223 2.6405822463864617 2.636215092037359 2.632756448474675 2.6300380584566723 2.6280063938629743 2.626649728145434 2.6259698005783116 0.0 0.0 0.0 0.0 0.0 0.0 0.0 0.0 0.0 0.0 0.0 0.0 0.0 2.713738578967595 2.7145769988085884 2.7153862399044666 2.715833055764858
2.6689994330113485 2.6688206681763025 2.6684649308416986 2.6679357634018084 2.667238377735199 2.6663795435131017 2.665367454363872 2.6642115811159828 2.6629225214704753 2.6615118620128304 2.659992106788343 2.6583768983519955 2.656682498821669 2.6549347975845934 2.653201428788971 2.6517425334314635 0.0 0.0 0.0 0.0 0.0 0.0 0.0 0.0 0.0 0.0 0.0 0.0 0.0 0.0 0.0 0.0 0.0 0.0 0.0 0.0 2.7222132496483047 2.7243810046719252 2.725906974306462 2.726627331291471
2.669392232415606 2.6692392490381986 2.6689350189463057 2.6684829852210656 2.6678882445558267 2.6671574880443947 2.666298962557242 2.6653224966654756 2.664239667291065 2.663064253163763 2.661813285316307 2.660509409293492 2.6591862932794417 2.657901327983392 2.6567651931127716 2.6560022904379625 0.0 0.0 0.0 0.0 0.0 0.0 0.0 0.0 0.0 0.0 0.0 0.0 0.0 0.0 0.0 0.0 0.0 0.0 0.0 0.0 2.728534578912218 2.7347850752662572 2.7371574969597905 2.7380515332937434
2.6700292683370392 2.6699035707337977 2.6696537979226753 2.669283171998448 2.6687964796054007 2.668200046489188 2.6675017599868767 2.6667112024730377 2.665840000982378 2.6649025745953767 2.6639176023460154 2.6629107884783965 2.6619199055309672 2.6610034729906773 2.6602534911711366 2.659804940214283 0.0 0.0 0.0 0.0 0.0 0.0 0.0 0.0 0.0 0.0 0.0 0.0 0.0 0.0 0.0 0.0 0.0 0.0 0.0 0.0 0.0 2.7488581728855097 2.7496378504758665 2.7501085590427485
2.6708961469754886 2.6707990502920707 2.670606300157437 2.670320760585458 2.6699466822976134 2.6694896804888835 2.668956764616226 2.668356484384298 2.667699291713389 2.6669982703416606 2.666270452837449 2.6655390066303997 2.6648365264146965 2.6642092000106556 2.663719897906444 2.6634438386478583 0.0 0.0 0.0 0.0 0.0 0.0 0.0 0.0 0.0 0.0 0.0 0.0 0.0 0.0 0.0 0.0 0.0 0.0 0.0 0.0 0.0 2.7617190388781827 2.761989814887812 2.76219617217862
2.671972863653693 2.671905529771884 2.6717720648899173 2.671574844392254 2.671317364786726 2.671004191622958 2.6706409411232026 2.6702343488861606 2.669792503546038 2.6693253505031267 2.6688455874131556 2.6683700399943215 2.667921431610209 2.66752996578234 2.6672331012635855 2.667070423133856 0.0 0.0 0.0 0.0 0.0 0.0 0.0 0.0 0.0 0.0 0.0 0.0 0.0 0.0 0.0 0.0 0.0 0.0 0.0 0.0 0.0 2.773699026626883 2.773796570922482 2.77388071229068
2.6732341462436486 2.6731976112951066 2.673125457560092 2.673019471985015 2.6728822277975484 2.67271697459232 2.672527526603035 2.6723181860330194 2.672093754792311 2.671859703986598 2.671622574020669 2.671390640965703 2.671174754561587 2.670988962159494 2.6708500709417677 2.6707749385257697 0.0 0.0 0.0 0.0 0.0 0.0 0.0 0.0 0.0 0.0 0.0 0.0 0.0 0.0 0.0 0.0 0.0 0.0 0.0 0.0 0.0 2.7848192007688772 2.784855151300742 2.78488831805261
2.6746499165924567 2.674645099133821 2.6746360721755593 2.6746239868672 2.67461040988061 2.6745971374976536 2.6745859608744658 2.6745783998891888 2.674575435346599 2.6745772861884207 2.674583296655301 2.674592008024584 2.674601469658803 2.6746097649344716 2.674615574556129 2.6746184387236416 0.0 0.0 0.0 0.0 0.0 0.0 0.0 0.0 0.0 0.0 0.0 0.0 0.0 0.0 0.0 0.0 0.0 0.0 0.0 0.0 0.0 2.7950117641212535 2.7950252384804193 2.7950381353188005
2.6761858659583697 2.676213546442665 2.6762692178067375 2.6763534160854916 2.6764667300320366 2.676609533748615 2.6767816171721894 2.676981708574498 2.677206891770893 2.677451941818012 2.6777086456544565 2.6779652498186706 2.678206294019083 2.6784132324577095 2.6785663330968865 2.6786481624846905 0.0 0.0 0.0 0.0 0.0 0.0 0.0 0.0 0.0 0.0 0.0 0.0 0.0 0.0 0.0 0.0 0.0 0.0 0.0 0.0 0.0 2.804194199988845 2.8041994376251185 2.804204554894399
2.67780414258846 2.6778649082537926 2.677986498229922 2.6781689289809427 2.6784119639841304 2.678714774480849 2.679075444209942 2.6794902833943284 2.6799529167817164 2.68045312736402 2.6809754926810587 2.681497981866715 2.6819909436693137 2.682417354536058 2.682735735735736 2.6829072968196956 0.0 0.0 0.0 0.0 0.0 0.0 0.0 0.0 0.0 0.0 0.0 0.0 0.0 0.0 0.0 0.0 0.0 0.0 0.0 0.0 0.0 2.812296254435299 2.812298713137335 2.8123011429583764
2.679464151398034 2.6795583056832037 2.679746500039105 2.6800283978305686 2.680403208941712 2.680869305293698 2.6814236342651876 2.682060861268898 2.6827721538763996 2.68354351250579 2.6843535831644005 2.685171016738681 2.685951792788662 2.68663772300371 2.6871588201060375 2.6874440171077785 0.0 0.0 0.0 0.0 0.0 0.0 0.0 0.0 0.0 0.0 0.0 0.0 0.0 0.0 0.0 0.0 0.0 0.0 0.0 0.0 0.0 2.8192704875467753 2.8192727209468984 2.8192749270643533
2.6811234661003636 2.6812509077766946 2.6815056083099145 2.6818870994709108 2.6823944036329954 2.6830256481917045 2.683777451489991 2.6846439784377103 2.6856155184940143 2.6866763830708233 2.6878018655768736 2.688954005197547 2.690076110721898 2.6910869075459143 2.6918778923444595 2.692323734782189 0.0 0.0 0.0 0.0 0.0 0.0 0.0 0.0 0.0 0.0 0.0 0.0 0.0 0.0 0.0 0.0 0.0 0.0 0.0 0.0 0.0 2.825096418570963 2.825100734871606 2.825104935853864
2.6827388518003743 2.682898935594711 2.6832189684051193 2.6836985994384865 2.6843370790197763 2.6851329298204263 2.686083396274492 2.6871835507042143 2.6884248649943254 2.689792944832368 2.6912639383144783 2.692798829979897 2.6943344233766404 2.695769688638677 2.6969483750107393 2.6976510447664825 0.0 0.0 0.0 0.0 0.0 0.0 0.0 0.0 0.0 0.0 0.0 0.0 0.0 0.0 0.0 0.0 0.0 0.0 0.0 0.0 0.0 2.829781290675501 2.8297921021218024 2.8298023470400997
2.684267389797487 2.6844587863772014 2.6848416051761768 2.6854158532967123 2.686181412336885 2.687137828106485 2.688283927063236 2.6896171457186315 2.691132387514513 2.692820090422263 2.6946629188628015 2.696629885891662 2.6986652847451964 2.7006665747921104 2.7024394227022857 2.7036172257225326 0.0 0.0 0.0 0.0 0.0 0.0 0.0 0.0 0.0 0.0 0.0 0.0 0.0 0.0 0.0 0.0 0.0 0.0 0.0 0.0 0.0 2.8333576191136967 2.8333859137511404 2.833411501941847
2.68566768556369 2.685888262888969 2.68632969428446 2.6869925383030058 2.687877631631844 2.6889860472659786 2.690318965718338 2.691877384693352 2.6936615552021146 2.695669966869137 2.6978975561969447 2.700332378143241 2.7029485205553234 2.7056876335368227 2.708399729360984 2.710619707612739 0.0 0.0 0.0 0.0 0.0 0.0 0.0 0.0 0.0 0.0 0.0 0.0 0.0 0.0 0.0 0.0 0.0 0.0 0.0 0.0 0.0 2.8358758505391584 2.8359504514665757 2.8360125542887435
2.6869011263386575 2.6871478749368976 2.687641954564398 2.68838459000112 2.689377760623888 2.6906243500345366 2.692128312372685 2.693894834976792 2.695930495027907 2.698243470785266 2.700844043354552 2.7037461011613293 2.7069717688837094 2.71056611049494 2.714647950610905 2.7196068462356644 2.7269525905942382 0.0 0.0 0.0 0.0 0.0 0.0 0.0 0.0 0.0 0.0 0.0 0.0 0.0 0.0 0.0 0.0 0.0 0.0 0.0 2.837452848233976 2.8373876361430175 2.837585805701255 2.8377280724231304
2.6879331390276513 2.6882021596793155 2.688741099497033 2.689551868083203 2.690637609136421 2.692003031179613 2.693654847707916 2.695602346257171 2.6978581567830844 2.7004394185904816 2.703369854332615 2.706683990293386 2.710436499432524 2.71472378833236 2.719734310576876 2.725859666893518 2.733879732439773 2.7448008159146036 2.753883717645845 2.7618884060636573 2.769121931705876 2.7757359936589387 2.7818264200729 2.7874680583091846 2.7927264127035945 2.797660357595919 2.8023214082055614 2.8067518194527925 2.810982519730594 2.815031358601506 2.81890191009306 2.822582952511356 2.8260486733079855 2.829259614129244 2.8321644665694494 2.8347034865352145 2.8368172573456603 2.8378410271080172 2.8384425840294942 2.8387357047521293
2.6887343859611907 2.6890209499942537 2.6895952586337892 2.690459829292297 2.6916188299193875 2.6930785540051354 2.6948480680296267 2.696940061060933 2.699371970292405 2.702167553800895 2.705359282430229 2.7089923014150314 2.713131327595514 2.7178724668752805 2.723360762191015 2.7298030661382278 2.737415276498448 2.7460860946227292 2.7543957604583253 2.7621060888182414 2.769218356633684 2.7757797352257634 2.7818465134554766 2.787477335524088 2.792730685268785 2.797662283479934 2.8023221912289897 2.806751968204472 2.8109821755941202 2.8150304082146786 2.8188999629207956 2.82257918590385 2.826041463118986 2.8292456705998705 2.8321365014499276 2.834642691011887 2.8366655563056513 2.838026256658191 2.8388705023185263 2.8392783909042207
2.6892818294433463 2.6895805113440643 2.690179266017451 2.6910810619456336 2.692290821083948 2.693815989215207 2.6956673108542595 2.6978598272926213 2.70041413175509 2.703357939053872 2.706728047010175 2.710572725783585 2.714954276410824 2.7199504038232667 2.725649788839176 2.73212911181107 2.739383834572034 2.747181906043911 2.754944151394793 2.762370316576087 2.769343718003396 2.775838782362087 2.7818742031863297 2.7874902662392955 2.792736678005293 2.797664994114825 2.80232329546547 2.806752178863503 2.810981693112754 2.815029080411592 2.8188972689621137 2.822574078371482 2.8260320744644702 2.829228959707094 2.832108335648555 2.8346007803969537 2.8366264991427395 2.8381099519874606 2.8390724283498043 2.8395452157233882
2.6895595980601024 2.689864470216298 2.6904757173255267 2.6913965471677366 2.6926322794188873 2.6941909621089377 2.6960842039944466 2.6983282286282066 2.70094514830348 2.7039644259187474 2.70742439670655 2.7113734531985587 2.7158698316236545 2.720977499840681 2.72675308593007 2.733215800413156 2.740293971943543 2.7477643406153933 2.7552684058740478 2.7625378994530996 2.769426789751422 2.7758789666730475 2.7818933490505158 2.7874992910506884 2.7927408833480585 2.7976669021973906 2.8023240741633146 2.8067523279970374 2.8109813546573004 2.8150281516605187 2.8188953995201853 2.822570587695063 2.826025835711224 2.8292184118998556 2.83209217164817 2.8345808135123587 2.8366155225593532 2.8381423521679356 2.8391515162844096 2.839651970081212
0.0 0.0 0.0 0.0 0.0 0.0 0.0 0.0 0.0 0.0 0.0 0.0 0.0 0.0 0.0 0.0 0.0 0.0 0.0 0.0 0.0 0.0 0.0 0.0 0.0 0.0 0.0 0.0 0.0 0.0 0.0 0.0 0.0 0.0 0.0 0.0 0.0 0.0 0.0 0.0
0.0 0.0 0.0 0.0 0.0 0.0 0.0 0.0 0.0 0.0 0.0 0.0 0.0 0.0 0.0 0.0 0.0 0.0 0.0 0.0 0.0 0.0 0.0 0.0 0.0 0.0 0.0 0.0 0.0 0.0 0.0 0.0 0.0 0.0 0.0 0.0 0.0 0.0 0.0 0.0
0.0 0.0 0.0 0.0 0.0 0.0 0.0 0.0 0.0 0.0 0.0 0.0 0.0 0.0 0.0 0.0 0.0 0.0 0.0 0.0 0.0 0.0 0.0 0.0 0.0 0.0 0.0 0.0 0.0 0.0 0.0 0.0 0.0 0.0 0.0 0.0 0.0 0.0 0.0 0.0
0.0 0.0 0.0 0.0 0.0 0.0 0.0 0.0 0.0 0.0 0.0 0.0 0.0 0.0 0.0 0.0 0.0 0.0 0.0 0.0 0.0 0.0 0.0 0.0 0.0 0.0 0.0 0.0 0.0 0.0 0.0 0.0 0.0 0.0 0.0 0.0 0.0 0.0 0.0 0.0
0.0 0.0 0.0 0.0 0.0 0.0 0.0 0.0 0.0 0.0 0.0 0.0 0.0 0.0 0.0 0.0 0.0 0.0 0.0 0.0 0.0 0.0 0.0 0.0 0.0 0.0 0.0 0.0 0.0 0.0 0.0 0.0 0.0 0.0 0.0 0.0 0.0 0.0 0.0 0.0
0.0 0.0 0.0 0.0 0.0 0.0 0.0 0.0 0.0 0.0 0.0 0.0 0.0 0.0 0.0 0.0 0.0 0.0 0.0 0.0 0.0 0.0 0.0 0.0 0.0 0.0 0.0 0.0 0.0 0.0 0.0 0.0 0.0 0.0 0.0 0.0 0.0 0.0 0.0 0.0
0.0 0.0 0.0 0.0 0.0 0.0 0.0 0.0 0.0 0.0 0.0 0.0 0.0 0.0 0.0 0.0 0.0 0.0 0.0 0.0 0.0 0.0 0.0 0.0 0.0 0.0 0.0 0.0 0.0 0.0 0.0 0.0 0.0 0.0 0.0 0.0 0.0 0.0 0.0 0.0
0.0 0.0 0.0 0.0 0.0 0.0 0.0 0.0 0.0 0.0 0.0 0.0 0.0 0.0 0.0 0.0 0.0 0.0 0.0 0.0 0.0 0.0 0.0 0.0 0.0 0.0 0.0 0.0 0.0 0.0 0.0 0.0 0.0 0.0 0.0 0.0 0.0 0.0 0.0 0.0
0.0 0.0 0.0 0.0 0.0 0.0 0.0 0.0 0.0 0.0 0.0 0.0 0.0 0.0 0.0 0.0 0.0 0.0 0.0 0.0 0.0 0.0 0.0 0.0 0.0 0.0 0.0 0.0 0.0 0.0 0.0 0.0 0.0 0.0 0.0 0.0 0.0 0.0 0.0 0.0
0.0 0.0 0.0 0.0 0.0 0.0 0.0 0.0 0.0 0.0 0.0 0.0 0.0 0.0 0.0 0.0 0.0 0.0 0.0 0.0 0.0 0.0 0.0 0.0 0.0 0.0 0.0 0.0 0.0 0.0 0.0 0.0 0.0 0.0 0.0 0.0 0.0 0.0 0.0 0.0
