1.0652748437534718
0.0 1.2911180106571643 1.3034182234372373 1.3173630748403569 1.3305883589629486 1.3413917338715775 1.3489008241184772 1.3531955814178296 1.3551692540721791 1.355826389079698
1.280656664652148 1.2939547021704878 1.3076294656423166 1.321667407918179 1.3344717883093136 1.344459566162805 1.3507314782725435 1.35346853409023 1.3541481321921292 1.3541110600335666
1.2878134613717893 1.2979955269372219 1.3105382739144027 1.323921822576143 1.3359794582738973 1.3447556621578018 1.3489668540418285 1.3485733862755727 1.3468168621814347 1.3455733733791986
1.2984855388214973 1.3021304012687565 1.3124741006696266 1.3249506669879065 1.336299853060403 1.343960452830962 1.3457870216470913 1.3394086401874805 1.3340327008498032 1.3313547580302945
1.32033991538283 0.0 0.0 0.0 0.0 0.0 0.0 1.3254579361195442 1.3164067155162755 1.3131740010268624
1.3570708029004437 0.0 0.0 0.0 0.0 0.0 0.0 0.0 1.2941921594407395 1.2940453730377262
1.4040582873929481 0.0 0.0 0.0 0.0 0.0 0.0 0.0 1.281718897174852 1.2807428287989358
1.453159093389321 1.4685684670303216 1.460581684119191 1.4360111292650586 1.401599270398462 1.3639213050843104 1.3286886124041584 1.300392918471448 1.2825028692288798 1.2752381130320745
1.4798250963406405 1.4827326919722925 1.469886118235028 1.4429342336671438 1.4070146564870374 1.368169155208955 1.3318891963450177 1.3024141304928611 1.2824771396082353 1.2728188753058953
1.4921901150213188 1.491083277332596 1.4754912435815024 1.446939432782283 1.4100233311812689 1.370451577999711 1.3335275317184916 1.3033305388157412 1.2824315539209525 1.2718950347515425
