1.4058532202091696
0.0 2.735716205888618 2.7372579577243927 2.734365306037434 2.7253014818629673 2.719444189971511 2.716728860311354 2.717013497069268 2.7200380685103833 2.725399424558621
2.7396875212276512 2.7423759946574435 2.743220153160227 2.7426375938136616 0.0 0.0 0.0 0.0 0.0 2.732537976443415
2.7449719649324402 2.7459061830055886 2.7462612134514885 2.746087478059217 0.0 0.0 0.0 0.0 0.0 2.7407378798253395
2.7505453428743265 0.0 0.0 0.0 0.0 0.0 0.0 0.0 0.0 2.7491425107730194
2.757453557734885 0.0 0.0 0.0 0.0 0.0 0.0 0.0 0.0 2.7567835499489615
2.7650376005517496 0.0 0.0 0.0 0.0 0.0 0.0 0.0 0.0 2.762617852558116
2.7725165470663873 0.0 0.0 0.0 0.0 0.0 0.0 0.0 0.0 2.765565360020788
2.779006964638709 0.0 0.0 0.0 0.0 0.0 0.0 2.77068762624144 2.7670755617247567 2.7645444852194947
2.78355181105496 2.7842323949304317 2.7829978168029776 2.780603334075375 2.777475263116362 2.7739206323587653 2.7701651122525384 2.766312741637873 2.763304223242388 2.7616415284295304
2.784472300403885 2.7832726753519235 2.781200443214254 2.778293855257345 2.7748078024068157 2.771021491770751 2.7672074623558642 2.7636770388756537 2.7609714847855082 2.7595266987300917
