1.0972601245092937
0.0 2.3447777919818225 2.3439680826998015 2.342630154450293 2.3409031378256113 2.338892783900173 2.3366998877283365 2.334427355747231 2.332181281998431 2.3300700923938327 2.3282024582587546 2.326683393050509 2.325607489354767 2.32504878209425 0.0 0.0 0.0 0.0 0.0 0.0 0.0 0.0 0.0 0.0 0.0 0.0 0.0 0.0 0.0 0.0 0.0 0.0 0.0 0.0 0.0 0.0 2.340250187923747 2.3402501896264902 2.340250192034529 2.340250193737267
2.346390460213147 2.3455356178269944 2.344455796682426 2.342988006418647 2.3411583642428497 2.3390430366274866 2.336735812000237 2.334339397419187 2.331962329252215 2.3297173328277037 2.3277196572881316 2.3260839330007577 2.3249175436756784 2.324308541900007 0.0 0.0 0.0 0.0 0.0 0.0 0.0 0.0 0.0 0.0 0.0 0.0 0.0 0.0 0.0 0.0 0.0 0.0 0.0 0.0 0.0 0.0 2.3393163612661727 2.339316363491947 2.3393163666396566 2.339316368865417
2.347046215001424 2.346369803179539 2.34520906208903 2.343602169482814 2.341603787527591 2.3392930170629436 2.336765339228649 2.334126843391024 2.3314913060020843 2.328979240917343 2.326717968616247 2.3248409601125575 2.3234829269135737 2.3227649476442696 0.0 0.0 0.0 0.0 0.0 0.0 0.0 0.0 0.0 0.0 0.0 0.0 0.0 0.0 0.0 0.0 0.0 0.0 0.0 0.0 0.0 0.0 2.337473635612755 2.3374736391663897 2.337473644191954 2.337473647745541
2.3480583786834637 2.347392615087359 2.346139146080728 2.3443633529451655 2.3421389625029416 2.339554705512993 2.3367124761786986 2.3337241986558226 2.3307101225744673 2.327799550369702 2.3251342560773627 2.32287354452322 2.321196348884988 2.320287840215539 0.0 0.0 0.0 0.0 0.0 0.0 0.0 0.0 0.0 0.0 0.0 0.0 0.0 0.0 0.0 0.0 0.0 0.0 0.0 0.0 0.0 0.0 2.3347726498628707 2.334772656264603 2.3347726653178955 2.3347726717194535
2.349215523310905 2.3485015757687897 2.3471203374265937 2.345138163242883 2.3426374349232923 2.339715226525045 2.3364804052989547 2.333050591527983 2.329550845619907 2.3261158715174393 2.3228977008872795 2.3200807128317265 2.317902758773024 2.3166655318238356 0.0 0.0 0.0 0.0 0.0 0.0 0.0 0.0 0.0 0.0 0.0 0.0 0.0 0.0 0.0 0.0 0.0 0.0 0.0 0.0 0.0 0.0 2.3312912745448697 2.331291286850386 2.3312913042525603 2.331291316557436
2.3503146462968583 2.3495275051477913 2.3479912910588006 2.345772076244222 2.342957303286678 2.339650577835447 2.335966553290293 2.3320264373768724 2.3279555540321395 2.323885170624013 2.3199624423231686 2.3163761439513624 2.3134129444290887 2.3115595818173182 0.0 0.0 0.0 0.0 0.0 0.0 0.0 0.0 0.0 0.0 0.0 0.0 0.0 0.0 0.0 0.0 0.0 0.0 0.0 0.0 0.0 0.0 2.3271367528025495 2.327136777254848 2.3271368118339497 2.327136836283891
2.3511547544339004 2.3502835650963725 2.3485776084705647 2.346104336536801 2.342955550268747 2.3392403086317812 2.3350776514584473 2.330589756476029 2.325896590555407 2.3211137150540275 2.3163566728167733 2.3117620266403605 2.3075621918062255 2.3043692803580536 0.0 0.0 0.0 0.0 0.0 0.0 0.0 0.0 0.0 0.0 0.0 0.0 0.0 0.0 0.0 0.0 0.0 0.0 0.0 0.0 0.0 0.0 2.3224482361359193 2.322448285547768 2.3224483554205233 2.322448404823698
2.3515486483267196 2.3505911402664355 2.3487132483569164 2.3459850706198973 2.342502905560017 2.3383808947156575 2.3337417817011725 2.32870741064199 2.3233894136657214 2.3178799215008947 2.3122402775658943 2.306479582443003 2.3004912226265013 2.29381317655085 2.284598951162398 0.0 0.0 0.0 0.0 0.0 0.0 0.0 0.0 0.0 0.0 0.0 0.0 0.0 0.0 0.0 0.0 0.0 0.0 0.0 0.0 0.0 2.3173993327927462 2.3173994335008965 2.3173995759010593 2.3173996765772853
2.3513372254064406 2.350297771055733 2.348257546104385 2.3452899880920715 2.3414961946969766 2.3369955583075357 2.3319149377183024 2.326376994051442 2.320487879198625 2.314323427094599 2.307910593991815 2.3011952893561287 2.2939752168097023 2.2857549813386235 2.275497229868512 2.261744810073505 2.250787694403922 2.241706934067004 2.234192715242872 2.2281554367135903 2.2235905321912135 2.220522998906191 2.218980731575112 0.0 0.0 0.0 0.0 0.0 0.0 0.0 0.0 0.0 0.0 0.0 0.0 0.0 2.3122000938256573 2.312200300001043 2.3122005914934896 2.312200797551382
2.350400989434784 2.3492895059721732 2.3471070643890575 2.343930714260709 2.33986656168292 2.3350396483672347 2.3295820580760225 2.3236200161806972 2.317260402489211 2.310576423765378 2.3035911119311763 2.2962561331334634 2.2884245332809487 2.2798306284240315 2.2701576893375393 2.259488114601878 2.2496961683517807 2.2411451232679567 2.233913466816107 2.2280437540747524 2.2235822501614906 2.2205757488861253 2.219062021782076 0.0 0.0 0.0 0.0 0.0 0.0 0.0 0.0 0.0 0.0 0.0 0.0 0.0 2.307097661939567 2.3070980850382847 2.3070986830818687 2.30709910574816
2.348666868114556 2.347497815149903 2.3452020627197045 2.3418601968992023 2.3375832679879682 2.3325021880895314 2.3267552801563536 2.3204749733878183 2.31377450706819 2.306735303623709 2.299395650640567 2.291742253507324 2.283710154934197 2.2752079315124187 2.2662083931309835 2.2569572689029327 2.248180286990586 2.240281565309852 2.233471295335808 2.227878353805363 2.2235969554242785 2.220699675258682 2.21923767737944 0.0 0.0 0.0 0.0 0.0 0.0 0.0 0.0 0.0 0.0 0.0 0.0 0.0 2.3023746484022585 2.302375517788046 2.302376746146313 2.3023776139404033
2.346110032627198 2.3449013453649687 2.342527927370354 2.3390734846723804 2.3346535269767625 2.3294045311994114 2.3234713105058398 2.3169938014586733 2.310094511146575 2.302867918911162 2.2953734341678107 2.2876345065416626 2.279648795518963 2.271418028755601 2.2630074067340806 2.254625717835517 2.2466414972148634 2.2393618873934815 2.2330078553172115 2.2277404006521877 2.223681514983541 2.2209229946904174 2.2195276509692574 0.0 0.0 0.0 0.0 0.0 0.0 0.0 0.0 0.0 0.0 0.0 0.0 0.0 2.2983442387038022 2.2983460265286513 2.2983485506819146 2.2983503326469927
2.342751375866517 2.3415233485187343 2.3391124450564638 2.335604732392584 2.3311191970259264 2.3257968692132622 2.319788242748735 2.313240345051992 2.3062849139313237 2.2990292416666884 2.291551470715253 2.2839025753733933 2.276117846862784 2.268240548037473 2.260356701496702 2.2526273971076516 2.2452833701415726 2.238554471005683 2.232639668572313 2.227703756148474 2.2238801310140257 2.221271716272198 2.21994936503546 0.0 0.0 0.0 0.0 0.0 0.0 0.0 0.0 0.0 0.0 0.0 0.0 0.0 2.2953411054896087 2.2953447844434898 2.295349971653684 2.295353629030997
2.3386518909299765 2.337426068356028 2.3350201999935485 2.331521636286257 2.327051370799219 2.3217532731905814 2.315781690469519 2.3092888236949363 2.3024133996043674 2.295272221571288 2.287956237058471 2.2805327628100547 2.273055224372373 2.265580543209452 2.25819100510914 2.2510114051160777 2.2442072175034458 2.237959298960976 2.232443297878029 2.2278183719113196 2.224220806982209 2.221758972852015 2.220508555558628 0.0 0.0 0.0 0.0 0.0 0.0 0.0 0.0 0.0 0.0 0.0 0.0 0.0 2.2937074452871733 2.2937150227453458 2.293725680840447 2.2937331788361606
2.3339054407730364 2.332703573563963 2.330345543414604 2.3269186473801264 2.322544016198548 2.3173660793861885 2.3115404380447715 2.3052215287528943 2.2985515586416323 2.2916522058565794 2.284620516454083 2.277530234042704 2.270439298466602 2.2634031112268365 2.2564910099784203 2.249800384585842 2.243461007614463 2.237625913864237 2.2324556391834642 2.2281041036719844 2.2247079206526528 2.222378017674079 2.221192761128669 0.0 0.0 0.0 0.0 0.0 0.0 0.0 0.0 0.0 0.0 0.0 0.0 0.0 2.293773817131463 2.2937894506249914 2.2938113431296885 2.293826683936056
2.328631346718304 2.3274744479929503 2.325205498602141 2.3219102325664305 2.317707784513987 2.312740506328875 2.307162205466927 2.301126108271695 2.294773926454559 2.2882273842770093 2.281583455984051 2.2749143504257496 2.2682729031912023 2.261703385347279 2.2552566374039644 2.249006605169728 2.243062456638272 2.2375673493264134 2.2326787806560007 2.2285504890587173 2.2253199891301407 2.223099493186233 2.22196857558374 0.0 0.0 0.0 0.0 0.0 0.0 0.0 0.0 0.0 0.0 0.0 0.0 0.0 2.2958348238412767 2.2958671828814916 2.2959121332359738 2.295943414117879
2.3229679013522317 2.321875425332435 2.3197336470793255 2.316625158409703 2.312664860694117 2.307990260896795 2.3027501967459583 2.2970931759941333 2.2911565663189393 2.285057827081663 2.2788888517943873 2.272714323427037 2.266574845880122 2.2604956456810155 2.254501921510322 2.2486416739070494 2.2430122154561696 2.2377698173370515 2.233085511586473 2.229119613658032 2.2260113352723696 2.2238727082107426 2.2227828500208506 0.0 0.0 0.0 0.0 0.0 0.0 0.0 0.0 0.0 0.0 0.0 0.0 0.0 2.3001197738556414 2.3001871616118947 2.3002793958172094 2.300342811933269
2.317067421886893 2.3160565697899393 2.314075567155282 2.3112023228825707 2.3075453249870135 2.303234554149287 2.2984108500418254 2.2932147751734284 2.2877760470761337 2.2822045332818397 2.2765836416064817 2.270966745030941 2.2653772428108825 2.2598135161360893 2.2542625154410274 2.2487308547995273 2.2433035292491343 2.2381982550152717 2.2336234849320435 2.2297502604107113 2.2267165391093187 2.224630326803347 2.2235674934155085 0.0 0.0 0.0 0.0 0.0 0.0 0.0 0.0 0.0 0.0 0.0 0.0 0.0 2.306757727783276 2.3068996368275805 2.3070886459842277 2.3072159251755116
2.311092919270169 2.3101780686662643 2.308385872369367 2.3057881576820884 2.3024850239428463 2.2985965140294025 2.294252800168906 2.289583785279744 2.2847090230806195 2.2797287432918396 2.274716511496614 2.269713640105418 2.264725006124044 2.2597161599949036 2.254615532791229 2.2493423861849 2.2439266583166786 2.23879393859458 2.2342157271407275 2.2303621907208324 2.2273569693732904 2.2252958667512432 2.224247276160992 0.0 0.0 0.0 0.0 0.0 0.0 0.0 0.0 0.0 0.0 0.0 0.0 0.0 2.3157334106203518 2.316038255584684 2.316424357023306 2.3166753157883053
2.305215981128738 2.304408230846142 2.302826436764247 2.300535180914673 2.2976245295565643 2.2942025887929267 2.290386689321061 2.2862939752511924 2.2820321653089435 2.2776911177486006 2.2733354815051507 2.2689979547195938 2.264671075464495 2.2602924369573416 2.2557147204326045 2.250664616939613 2.244848444814528 2.239453132407295 2.2347554064902013 2.230860928632298 2.2278495845496824 2.2257936248966805 2.224749926342642 0.0 0.0 0.0 0.0 0.0 0.0 0.0 0.0 0.0 0.0 0.0 0.0 0.0 2.3268214970862426 2.327499221032881 2.3282815734715756 2.3287608315348507
2.2996151401964853 2.2989219637708604 2.2975650825123193 2.29560098358616 2.293108488683508 2.290182282753598 2.2869252419881616 2.28344024152518 2.279822139215716 2.276150547185734 2.2724837327636775 2.268853257677507 2.265256838148598 2.2616398911633824 2.2578295051981394 2.2532696445189133 2.245869438603228 2.23996885047529 2.2350998929546706 2.2311478432179834 2.228119676321927 2.2260608026025603 2.225017544224046 0.0 0.0 0.0 0.0 0.0 0.0 0.0 0.0 0.0 0.0 0.0 0.0 0.0 2.339459125814386 2.341052746245347 2.342604594359993 2.343467255948107
2.2944738659297004 2.293898871587406 2.2927738834605704 2.2911468225254312 2.2890845677460696 2.286667486188017 2.2839829714721924 2.2811186056106365 2.2781556212321696 2.2751633791059387 2.2721956185716565 2.2692893936978433 2.2664683968619888 2.263756327795299 2.2612253024451157 2.2591987923517336 0.0 0.0 0.0 0.0 0.0 0.0 0.0 0.0 0.0 0.0 0.0 0.0 0.0 0.0 0.0 0.0 0.0 0.0 0.0 0.0 2.352424567040782 2.356499592018449 2.359401346422783 2.3607838761935693
2.289977369624495 2.289520172271608 2.288626297660594 2.287335056660932 2.285701264174903 2.283790722437122 2.281674930945731 2.279425583249319 2.2771095040218428 2.27478479584985 2.27249917111008 2.2702919007150055 2.2682019492434855 2.266287764940312 2.26467058280684 2.2636183689943237 0.0 0.0 0.0 0.0 0.0 0.0 0.0 0.0 0.0 0.0 0.0 0.0 0.0 0.0 0.0 0.0 0.0 0.0 0.0 0.0 2.3628570835306784 2.374486690011662 2.378963299054753 2.380671949616866
2.286307611861255 2.285963830397425 2.285292540837488 2.2843248599368464 2.2831040416328605 2.2816817874071202 2.280113982043529 2.278456359413507 2.276760694056148 2.275072228060245 2.2734292155702436 2.2718657396595128 2.270419336966636 2.26914520133727 2.268137224153097 2.2675460420615696 0.0 0.0 0.0 0.0 0.0 0.0 0.0 0.0 0.0 0.0 0.0 0.0 0.0 0.0 0.0 0.0 0.0 0.0 0.0 0.0 0.0 2.400341169462926 2.401832432463089 2.402741689677741
2.2836361910948204 2.2833975903334527 2.2829328967709674 2.2822659206741758 2.2814295077252664 2.280462483489132 2.2794061841465827 2.278301025935705 2.27718362984972 2.276085083626739 2.275030992629388 2.2740440039872585 2.2731493303217905 2.272383019404993 2.271800281898753 2.27147532290343 0.0 0.0 0.0 0.0 0.0 0.0 0.0 0.0 0.0 0.0 0.0 0.0 0.0 0.0 0.0 0.0 0.0 0.0 0.0 0.0 0.0 2.4244239678382615 2.4249505942537954 2.425354954672501
2.282115125149351 2.2819699236168445 2.281688982070379 2.281290148999796 2.2807976558941334 2.280239453581668 2.279644249463527 2.279038661486655 2.27844493262114 2.277879659525288 2.277353973525624 2.2768755185057645 2.276452263474172 2.276097418054342 2.275833187135045 2.2756889470683896 0.0 0.0 0.0 0.0 0.0 0.0 0.0 0.0 0.0 0.0 0.0 0.0 0.0 0.0 0.0 0.0 0.0 0.0 0.0 0.0 0.0 2.446773246602834 2.446966646358616 2.447134376806196
2.281865881283308 2.2817992423685407 2.2816733102741567 2.2815017284225365 2.2813024986233925 2.281095437112978 2.280899396877753 2.2807296614664545 2.280595908019061 2.2805011011946426 2.280441617526698 2.280408783201029 2.2803917625786303 2.2803812522015687 2.28037267803283 2.280366891478804 0.0 0.0 0.0 0.0 0.0 0.0 0.0 0.0 0.0 0.0 0.0 0.0 0.0 0.0 0.0 0.0 0.0 0.0 0.0 0.0 0.0 2.4668751041602466 2.466948116292427 2.46701574020099
2.2829673489627327 2.282962062102831 2.282957818416418 2.2829661480698182 2.2830017011455626 2.283079540949313 2.2832122187159642 2.283407053964853 2.2836640044903196 2.2839744365086307 2.2843210223362806 2.2846789079518026 2.285018184232502 2.285307511607212 2.285518439070686 2.2856295730464486 0.0 0.0 0.0 0.0 0.0 0.0 0.0 0.0 0.0 0.0 0.0 0.0 0.0 0.0 0.0 0.0 0.0 0.0 0.0 0.0 0.0 2.484125953198241 2.4841546695347336 2.484182249568679
2.2854437711994393 2.285481112141566 2.2855623204731486 2.2856991332756933 2.2859060794106316 2.2861973379000604 2.2865833433318565 2.2870676086169004 2.2876441611970173 2.2882958762029277 2.2889938892115 2.2896982334049376 2.2903599050713814 2.2909247002012703 2.291339247050088 2.2915593320068064 0.0 0.0 0.0 0.0 0.0 0.0 0.0 0.0 0.0 0.0 0.0 0.0 0.0 0.0 0.0 0.0 0.0 0.0 0.0 0.0 0.0 2.498015312179765 2.498028681767764 2.498041785706574
2.28925393484616 2.289314671491539 2.289444121699247 2.2896566457657457 2.289970055354035 2.2904017965183026 2.290964800964167 2.2916635432216803 2.292490725930964 2.293424847563064 2.29442876390373 2.2954493400483327 2.296418523846769 2.2972567454352144 2.2978803495197293 2.298215040683924 0.0 0.0 0.0 0.0 0.0 0.0 0.0 0.0 0.0 0.0 0.0 0.0 0.0 0.0 0.0 0.0 0.0 0.0 0.0 0.0 0.0 2.5082098425696686 2.5082210342964943 2.5082320412768095
2.294283127537931 2.294348614224283 2.294490231501716 2.2947273234695342 2.2950843520215223 2.2955862168720174 2.2962531331331957 2.2970956887252427 2.298110535436791 2.299276913920556 2.300553968211612 2.30187872122729 2.303164902989063 2.3043039176467626 2.3051714720958567 2.305646255818488 0.0 0.0 0.0 0.0 0.0 0.0 0.0 0.0 0.0 0.0 0.0 0.0 0.0 0.0 0.0 0.0 0.0 0.0 0.0 0.0 0.0 2.514591257791379 2.5146111154103488 2.5146303243912764
2.3003394387278346 2.3003927218389166 2.300513693266314 2.300728821648135 2.301072316892533 2.301580469062136 2.3022854234548977 2.3032091185944883 2.304357883800506 2.305717820019119 2.307250651730599 2.3088893866641014 2.310533170673843 2.3120419431025008 2.3132356160407377 2.3139121898588026 0.0 0.0 0.0 0.0 0.0 0.0 0.0 0.0 0.0 0.0 0.0 0.0 0.0 0.0 0.0 0.0 0.0 0.0 0.0 0.0 0.0 2.51726298160204 2.5173108463779696 2.517355696237512
2.307155846023611 2.3071826920707266 2.3072554383108645 2.3074094320434835 2.3076912146418134 2.308151837730701 2.3088395099282835 2.3097924358087174 2.3110324257316694 2.312559355867122 2.3143458646992827 2.3163308047966176 2.3184090122459766 2.3204145336133006 2.322097686056566 2.323114986778372 0.0 0.0 0.0 0.0 0.0 0.0 0.0 0.0 0.0 0.0 0.0 0.0 0.0 0.0 0.0 0.0 0.0 0.0 0.0 0.0 0.0 2.5165273348392265 2.5166510642404005 2.516760588556643
2.3143991320075643 2.3143888886982364 2.3143927088874094 2.3144560301484387 2.3146395564209934 2.3150115796497275 2.315639563673502 2.3165820293966357 2.3178814826837315 2.319558563828571 2.321606729577056 2.3239854006818286 2.3266069714069615 2.329307871387127 2.3317843719450786 2.333471376465555 0.0 0.0 0.0 0.0 0.0 0.0 0.0 0.0 0.0 0.0 0.0 0.0 0.0 0.0 0.0 0.0 0.0 0.0 0.0 0.0 0.0 2.5128258014410494 2.513155206594963 2.5134176964188026
2.3216860087107083 2.321632220289926 2.3215544613002708 2.321508801489398 2.3215709829281095 2.3218278251029876 2.3223678649104684 2.32327248653177 2.324608542581999 2.326422978314856 2.328739252455482 2.331554223217352 2.334831640151533 2.3384800490137323 2.342269436283052 2.3454933997839498 0.0 0.0 0.0 0.0 0.0 0.0 0.0 0.0 0.0 0.0 0.0 0.0 0.0 0.0 0.0 0.0 0.0 0.0 0.0 0.0 0.0 2.506614191554196 2.507523288031918 2.508117276560143
2.328605937344748 2.3285066553623865 2.328343296784147 2.328182357213214 2.328114404085625 2.328244669156296 2.328682869478839 2.3295337317330405 2.3308895172762525 2.3328255233904374 2.335399275808833 2.338654375956174 2.3426319308860237 2.347400437416579 2.3531468844203136 2.3605108336294456 2.3719948505635786 0.0 0.0 0.0 0.0 0.0 0.0 0.0 0.0 0.0 0.0 0.0 0.0 0.0 0.0 0.0 0.0 0.0 0.0 0.0 2.492607661563555 2.498074121152497 2.5007244607190846 2.5018905650713417
2.3347491381525076 2.3346068940698506 2.334362488853543 2.3340918761689333 2.3338991173996897 2.333906277610799 2.3342425341659894 2.3350341444839744 2.336396780928665 2.338431484801381 2.341225372091699 2.3448587457036463 2.3494224640148067 2.3550554326888165 2.362025553012252 2.3708960647461454 2.382761645896327 2.3987254870624612 2.4114016123264195 2.4219184220715695 2.4307069889245825 2.437981107906801 2.4438994256520763 2.4486212338196993 2.4523221365823664 2.4551934601266243 2.4574354921533743 2.4592494704899557 2.460830877900915 2.462365242002327 2.464026769691711 2.4659797743041993 2.4683833833805173 2.471402579551017 2.4752365373706544 2.480199353643357 2.486968111621689 2.4917634117902647 2.49464349912949 2.495992081700318
2.3397373594229416 2.339558792815852 2.339245753668511 2.338881982698592 2.338582670169063 2.338483787065362 2.3387305891841814 2.3394670379063 2.340827720276883 2.342933512980668 2.345891886812908 2.349802625010205 2.3547700184441154 2.3609229053644554 2.368441059949608 2.3775666890414353 2.3884983582938997 2.4008391570441576 2.4122555778667345 2.422286481335499 2.430872193162643 2.438057013669804 2.4439347025635034 2.448637616379978 2.4523295138597203 2.455196266436361 2.4574354704321246 2.4592467634331334 2.460824178432613 2.4623511261204434 2.4639978322196088 2.4659203989630787 2.4682601499851935 2.4711411770477327 2.4746606372504942 2.4788487998093274 2.4834914644260215 2.487317372194645 2.4898998725186576 2.491183496442753
2.343254301697586 2.3430494654948064 2.342686736849218 2.3422553919264897 2.341878536993664 2.341702034119842 2.3418825484083223 2.3425764966510956 2.3439314624160317 2.3460811665905226 2.349144417648728 2.35322764918524 2.3584295169003666 2.364843825669671 2.372551755246279 2.381582122830789 2.3917982763238586 2.4026776231434535 2.413181805457351 2.4227367803783566 2.4310880213155213 2.4381597851400048 2.443983403632912 2.448660473929899 2.4523398652970094 2.4552002145483494 2.4574354378738863 2.459242948034889 2.46081475730652 2.4623313632515407 2.4639576570188177 2.465839250702988 2.4680966142049243 2.4708129739406886 2.474009170364518 2.477593069753279 2.4812663483208715 2.4844275844444015 2.4866810414168343 2.487841315349923
2.3450723289787345 2.3448537204355184 2.3444649260778108 2.34399809554993 2.3435804448006765 2.3433629680463346 2.3435082352266137 2.3441790612932576 2.345529578362863 2.3476996716578142 2.3508128805247006 2.3549766873721785 2.360282435864345 2.366799537279697 2.3745548515586337 2.383484730357567 2.3933529166030643 2.40366744914366 2.413734199133378 2.4230240056795016 2.431231575500692 2.4382298950863395 2.4440171293698145 2.448676441454021 2.4523471318629952 2.4552029925898977 2.4574354136139376 2.459240258776302 2.4608081304098297 2.4623175153454775 2.463929701560377 2.4657834702377786 2.4679865374224463 2.4705997269253634 2.4736095760602894 2.4768881546428414 2.4801538372279563 2.48299214310922 2.485057163771716 2.4861369258749395
0.0 0.0 0.0 0.0 0.0 0.0 0.0 0.0 0.0 0.0 0.0 0.0 0.0 0.0 0.0 0.0 0.0 0.0 0.0 0.0 0.0 0.0 0.0 0.0 0.0 0.0 0.0 0.0 0.0 0.0 0.0 0.0 0.0 0.0 0.0 0.0 0.0 0.0 0.0 0.0
0.0 0.0 0.0 0.0 0.0 0.0 0.0 0.0 0.0 0.0 0.0 0.0 0.0 0.0 0.0 0.0 0.0 0.0 0.0 0.0 0.0 0.0 0.0 0.0 0.0 0.0 0.0 0.0 0.0 0.0 0.0 0.0 0.0 0.0 0.0 0.0 0.0 0.0 0.0 0.0
0.0 0.0 0.0 0.0 0.0 0.0 0.0 0.0 0.0 0.0 0.0 0.0 0.0 0.0 0.0 0.0 0.0 0.0 0.0 0.0 0.0 0.0 0.0 0.0 0.0 0.0 0.0 0.0 0.0 0.0 0.0 0.0 0.0 0.0 0.0 0.0 0.0 0.0 0.0 0.0
0.0 0.0 0.0 0.0 0.0 0.0 0.0 0.0 0.0 0.0 0.0 0.0 0.0 0.0 0.0 0.0 0.0 0.0 0.0 0.0 0.0 0.0 0.0 0.0 0.0 0.0 0.0 0.0 0.0 0.0 0.0 0.0 0.0 0.0 0.0 0.0 0.0 0.0 0.0 0.0
0.0 0.0 0.0 0.0 0.0 0.0 0.0 0.0 0.0 0.0 0.0 0.0 0.0 0.0 0.0 0.0 0.0 0.0 0.0 0.0 0.0 0.0 0.0 0.0 0.0 0.0 0.0 0.0 0.0 0.0 0.0 0.0 0.0 0.0 0.0 0.0 0.0 0.0 0.0 0.0
0.0 0.0 0.0 0.0 0.0 0.0 0.0 0.0 0.0 0.0 0.0 0.0 0.0 0.0 0.0 0.0 0.0 0.0 0.0 0.0 0.0 0.0 0.0 0.0 0.0 0.0 0.0 0.0 0.0 0.0 0.0 0.0 0.0 0.0 0.0 0.0 0.0 0.0 0.0 0.0
0.0 0.0 0.0 0.0 0.0 0.0 0.0 0.0 0.0 0.0 0.0 0.0 0.0 0.0 0.0 0.0 0.0 0.0 0.0 0.0 0.0 0.0 0.0 0.0 0.0 0.0 0.0 0.0 0.0 0.0 0.0 0.0 0.0 0.0 0.0 0.0 0.0 0.0 0.0 0.0
0.0 0.0 0.0 0.0 0.0 0.0 0.0 0.0 0.0 0.0 0.0 0.0 0.0 0.0 0.0 0.0 0.0 0.0 0.0 0.0 0.0 0.0 0.0 0.0 0.0 0.0 0.0 0.0 0.0 0.0 0.0 0.0 0.0 0.0 0.0 0.0 0.0 0.0 0.0 0.0
0.0 0.0 0.0 0.0 0.0 0.0 0.0 0.0 0.0 0.0 0.0 0.0 0.0 0.0 0.0 0.0 0.0 0.0 0.0 0.0 0.0 0.0 0.0 0.0 0.0 0.0 0.0 0.0 0.0 0.0 0.0 0.0 0.0 0.0 0.0 0.0 0.0 0.0 0.0 0.0
0.0 0.0 0.0 0.0 0.0 0.0 0.0 0.0 0.0 0.0 0.0 0.0 0.0 0.0 0.0 0.0 0.0 0.0 0.0 0.0 0.0 0.0 0.0 0.0 0.0 0.0 0.0 0.0 0.0 0.0 0.0 0.0 0.0 0.0 0.0 0.0 0.0 0.0 0.0 0.0
