2.0998878274751327
0.0 2.8092736756100605 2.7965588360008224 2.782197949408664 2.766237504532792 2.7491428132003617 2.731897476344423 2.7161270466047087 2.703998675382636 2.6973917176901274
2.8115096627191676 2.7994923516310366 2.7859919710124283 2.770615538321605 2.75342071235897 2.7348187838967464 2.7156921227847204 2.6977342752648115 2.6838502848617454 2.6763322220968386
2.8026333789611355 2.7916024917501234 2.778125594437026 2.762127288079215 2.743807424025275 2.723418961858907 2.701399965341845 2.6790596395915482 2.6617250585075705 2.652527882330417
2.794464922681898 2.7866092072167583 2.773765689221239 2.7575395785025423 2.738482283872972 2.7166032690074995 2.6912561724492456 2.6602023751913375 2.6370792868863067 2.62558550276139
2.784243681606868 0.0 0.0 0.0 0.0 0.0 0.0 2.6394497402661123 2.607956003699088 2.594784598508997
2.7652766123675856 0.0 0.0 0.0 0.0 0.0 0.0 0.0 2.569679525228985 2.5603038157633864
2.736581854292133 0.0 0.0 0.0 0.0 0.0 0.0 0.0 2.535262821635426 2.5278152753913092
2.6972903682328764 2.6665394662192967 2.636232939046727 2.6052592295385284 2.5749464414399013 2.5474685333944596 2.525168157800765 2.5103237927169837 2.5054293285790954 2.500813580237812
2.6776539438896467 2.6556024771166866 2.627766677341877 2.5973199467805905 2.5668392733701695 2.5388142233416784 2.5154792323702204 2.4984982191787615 2.4884303768440836 2.4830793593375318
2.6690048475603856 2.6494139435534234 2.6229353791561567 2.592968079437866 2.5624987112671223 2.5341872294929213 2.5102358870636063 2.4921321614771412 2.4803706100904854 2.4744268104797182
