0.6374365083516612
0.0 1.3638124086352705 1.363789417722872 1.363757808623218 1.3637135285134125 1.3636480240241435 1.3635533288984152 1.3634250388164126 1.363264516350814 1.363080334543247 1.3628885754011866 1.3627114791398132 1.362574035666433 1.362498589181919 0.0 0.0 0.0 0.0 0.0 0.0 0.0 0.0 0.0 0.0 0.0 0.0 0.0 0.0 0.0 0.0 0.0 0.0 0.0 0.0 0.0 0.0 1.204789658137204 1.2047896582921302 1.204789658511229 1.2047896586661544
1.3640676190431185 1.3639818626140738 1.3639308551170717 1.3638796227792607 1.3638127263320523 1.3637189280836206 1.3635897187684272 1.3634208830781014 1.363214562642438 1.362980945538336 1.3627389623019857 1.3625152945362151 1.362340922159605 1.3622446979500535 0.0 0.0 0.0 0.0 0.0 0.0 0.0 0.0 0.0 0.0 0.0 0.0 0.0 0.0 0.0 0.0 0.0 0.0 0.0 0.0 0.0 0.0 1.2049844937961047 1.2049844940419376 1.2049844943895962 1.2049844946354262
1.3643082464995462 1.364262978748281 1.364202893617539 1.3641233567507616 1.3640142598795197 1.3638651982655547 1.363667855285306 1.3634184716396587 1.3631204486954793 1.3627867397624862 1.3624415122934748 1.362120227837355 1.3618666845093224 1.3617249481371316 0.0 0.0 0.0 0.0 0.0 0.0 0.0 0.0 0.0 0.0 0.0 0.0 0.0 0.0 0.0 0.0 0.0 0.0 0.0 0.0 0.0 0.0 1.205372775750226 1.2053727762311723 1.2053727769113254 1.2053727773922607
1.3647424783926296 1.3646987682513707 1.364617809566036 1.3644962931004356 1.3643256395379992 1.364095821935874 1.36379846149582 1.3634299136440797 1.362994542603472 1.3625081374671402 1.3620012349619728 1.361521630815936 1.3611340060361479 1.3609116250796396 0.0 0.0 0.0 0.0 0.0 0.0 0.0 0.0 0.0 0.0 0.0 0.0 0.0 0.0 0.0 0.0 0.0 0.0 0.0 0.0 0.0 0.0 1.20595191837932 1.2059519193775932 1.2059519207893346 1.2059519217875656
1.3653557377261698 1.3652989110026212 1.365184488270166 1.3650069279518124 1.3647568447650251 1.3644234270544602 1.3639973348549383 1.363473984886073 1.3628573163724857 1.3621642422428324 1.3614301414778653 1.360715709591878 1.3601141536938535 1.3597513338311156 0.0 0.0 0.0 0.0 0.0 0.0 0.0 0.0 0.0 0.0 0.0 0.0 0.0 0.0 0.0 0.0 0.0 0.0 0.0 0.0 0.0 0.0 1.2067185102930122 1.2067185123950346 1.206718515367631 1.2067185174694945
1.3661415228927707 1.3660646611817093 1.3659075050480485 1.3656624355393854 1.3653184251563542 1.3648629560786207 1.3642846453802802 1.3635764259190968 1.3627393649457669 1.3617875417370777 1.3607551206620163 1.3597082648362686 1.3587670253509918 1.358141387755784 0.0 0.0 0.0 0.0 0.0 0.0 0.0 0.0 0.0 0.0 0.0 0.0 0.0 0.0 0.0 0.0 0.0 0.0 0.0 0.0 0.0 0.0 1.2076688323059186 1.207668836748704 1.2076688430313292 1.2076688474735187
1.3670934492082312 1.3669930105839496 1.366787389164892 1.366467268740669 1.3660197140559247 1.365429909383283 1.364683499009043 1.3637693803789739 1.3626829220671617 1.3614298672002203 1.3600320254653961 1.3585386842648282 1.357058323831579 1.3558695532090626 0.0 0.0 0.0 0.0 0.0 0.0 0.0 0.0 0.0 0.0 0.0 0.0 0.0 0.0 0.0 0.0 0.0 0.0 0.0 0.0 0.0 0.0 1.2087994817637737 1.208799491167914 1.2087995044657918 1.208799513867698
1.3682016800658052 1.3680762685173853 1.367819841501517 1.367421639264963 1.3668667913010992 1.366137938967865 1.3652172815662857 1.3640888192993201 1.3627404959073528 1.3611657888260054 1.359363813643697 1.357335236574732 1.355063942968226 1.3524413406956861 1.348932266540088 0.0 0.0 0.0 0.0 0.0 0.0 0.0 0.0 0.0 0.0 0.0 0.0 0.0 0.0 0.0 0.0 0.0 0.0 0.0 0.0 0.0 1.2101080546951637 1.2101080746226571 1.2101081027984368 1.2101081227175525
1.3694506936682973 1.3693006663720577 1.3689943429707325 1.3685197182355628 1.3678601239974677 1.366995768767899 1.365905562733772 1.3645689322608494 1.362967155855425 1.361083404525271 1.3588998491117588 1.356388154016646 1.3534846413439778 1.350030663006873 1.3456495943856477 1.3396403477872711 1.3344614234184504 1.3299114321356564 1.3259822308504998 1.3227267100633364 1.3202115799632828 1.3184973635077055 1.3176285658699318 0.0 0.0 0.0 0.0 0.0 0.0 0.0 0.0 0.0 0.0 0.0 0.0 0.0 1.2115938341135075 1.2115938763844747 1.2115939361422967 1.2115939783818566
1.3708176354099784 1.3706449079171665 1.3702926442397958 1.3697477912531923 1.3689921434653032 1.3680038595611663 1.3667592133580364 1.3652342833525448 1.3634061373578412 1.3612528327205495 1.358751171125881 1.3558706583546187 1.352562217225243 1.348744595988458 1.3443150477933434 1.339299590715957 1.3344692291916682 1.330058504521147 1.3261909884790153 1.322964498401129 1.3204632409304826 1.318755412782502 1.3178890835274115 0.0 0.0 0.0 0.0 0.0 0.0 0.0 0.0 0.0 0.0 0.0 0.0 0.0 1.2132584335764331 1.2132585233386328 1.21325865019756 1.213258739842045
1.3722711374965813 1.3720790038313915 1.3716874916905677 1.3710826995781678 1.3702451973965188 1.369151588500972 1.367776334228793 1.3660935994543917 1.3640788059523232 1.361709522768223 1.358965354262405 1.355826868313777 1.352275100610098 1.3482975784025775 1.3439166803357427 1.3392661258878582 1.3346882189590883 1.3304210703332706 1.32663066711034 1.3234441833656774 1.3209627776111017 1.319264088508525 1.3184012267264258 0.0 0.0 0.0 0.0 0.0 0.0 0.0 0.0 0.0 0.0 0.0 0.0 0.0 1.2151063487243325 1.2151065395377527 1.2151068090728103 1.215106999445125
1.3737706581849267 1.373563582759322 1.3731418382887879 1.3724908524467523 1.3715902568578031 1.3704155424376887 1.3689400474113511 1.3671371036629878 1.3649821577632681 1.3624547316424442 1.3595402711592441 1.3562324094773732 1.3525372080663003 1.3484826753544092 1.3441381187521297 1.3396423345397068 1.3352108830192393 1.3310458979729884 1.327317083287948 1.3241639334895143 1.3216986656736394 1.3200067677184002 1.3191461692216748 0.0 0.0 0.0 0.0 0.0 0.0 0.0 0.0 0.0 0.0 0.0 0.0 0.0 1.2171453738665334 1.2171457799345244 1.21714635301203 1.2171467574273491
1.3752664188831967 1.37504980265347 1.374608693236162 1.373927979465099 1.3729865589515609 1.3717590997402587 1.3702182091659705 1.3683368867421892 1.3660911589337288 1.3634628713536114 1.3604427846666958 1.3570344220612092 1.353259522306662 1.349166160150189 1.344839557244575 1.3404111448429976 1.3360526524909202 1.3319425490482093 1.3282464079791305 1.3251084725870594 1.3226477425175138 1.3209555563035518 1.320093827756021 0.0 0.0 0.0 0.0 0.0 0.0 0.0 0.0 0.0 0.0 0.0 0.0 0.0 1.2193868421084448 1.2193877072997055 1.2193889263783888 1.2193897853783429
1.376699992654521 1.3764799274792947 1.3760316778498447 1.3753396714298738 1.374382176671217 1.373133152168945 1.3715645572394517 1.3696490268016703 1.367362841067666 1.364689189837898 1.3616218488240448 1.358169530674312 1.3543612454269793 1.3502527321514939 1.345932908568283 1.3415269428891037 1.3371902554803408 1.3330911464525987 1.3293938708961786 1.3262464866584225 1.3237732340429196 1.3220700547849678 1.321202039064901 0.0 0.0 0.0 0.0 0.0 0.0 0.0 0.0 0.0 0.0 0.0 0.0 0.0 1.2218456393234052 1.2218474855720056 1.221850079593222 1.2218519026491506
1.3780055572440812 1.3777885805080252 1.3773462856469147 1.3766626708762983 1.3757153988010935 1.374477695765486 1.372920735488267 1.3710164133930114 1.3687404400170347 1.3660757355390152 1.3630161915027412 1.3595709547080372 1.3557694000998453 1.3516667149129924 1.3473492443469592 1.3429373098512785 1.3385817938872886 1.33445180873695 1.3307167557363087 1.3275310953878843 1.325024637297924 1.3232973174513367 1.3224166659893226 0.0 0.0 0.0 0.0 0.0 0.0 0.0 0.0 0.0 0.0 0.0 0.0 0.0 1.2245399109935802 1.224543859691836 1.2245493795823341 1.2245532414023812
1.3791117844208336 1.3789046401986995 1.3784817961787752 1.3778268269730862 1.3769167703984022 1.3757240350701367 1.3742187847632656 1.3723716910367683 1.3701569558610112 1.3675555449064885 1.3645586476152993 1.361171494808984 1.3574177985279094 1.3533451433730117 1.3490313922078436 1.344590979905203 1.3401770340579526 1.33597133335626 1.3321577093763857 1.3289014452896697 1.3263387935638609 1.32457292828904 1.3236727679858769 0.0 0.0 0.0 0.0 0.0 0.0 0.0 0.0 0.0 0.0 0.0 0.0 0.0 1.227490297132033 1.2274987742896835 1.227510517066496 1.2275186687796202
1.3799443007827112 1.3797537091599632 1.3793637616657681 1.3787576122953467 1.3779116565787084 1.3767974151604334 1.3753838642224137 1.3736400757692209 1.3715380219551638 1.3690554137539603 1.3661785077768618 1.362904973786456 1.3592472579815778 1.3552375118301112 1.3509359968389183 1.3464447992587176 1.341923574185997 1.3375867291200996 1.3336466274827101 1.3302841851190232 1.32764159032988 1.3258230569835185 1.3248968800356118 0.0 0.0 0.0 0.0 0.0 0.0 0.0 0.0 0.0 0.0 0.0 0.0 0.0 1.2307183256535608 1.2307366443970367 1.2307616071649978 1.2307787067593874
1.3804286239682948 1.380261058829052 1.3799169662029604 1.379379096890805 1.378623220581078 1.377619972400379 1.376337108457301 1.374741998276835 1.3728041447029227 1.3704974930460538 1.3678022940895602 1.3647063959757177 1.3612062719452322 1.3573093604521018 1.3530423397520068 1.3484751386093004 1.3437705550957135 1.3392245229117448 1.3350998334460062 1.3315941380574363 1.3288500968939394 1.3269675398426162 1.3260105262359314 0.0 0.0 0.0 0.0 0.0 0.0 0.0 0.0 0.0 0.0 0.0 0.0 0.0 1.2342430988165858 1.2342831464168837 1.2343361243643072 1.2343716047734976
1.3804934510783688 1.3803549289592079 1.3800687422438596 1.3796172757306033 1.3789757336644202 1.3781139591188392 1.3769986353622965 1.3755956679419838 1.3738724766019832 1.3717998310047677 1.369352731433846 1.3665096807015893 1.3632496821965314 1.3595472147511436 1.355370218703516 1.350703668628558 1.345666520902189 1.3407916099867727 1.3364149603081323 1.3327341644242543 1.3298755556240898 1.3279243644462406 1.3269352497213083 0.0 0.0 0.0 0.0 0.0 0.0 0.0 0.0 0.0 0.0 0.0 0.0 0.0 1.238074163573362 1.2381635064323857 1.2382755136348702 1.2383477468036552
1.3800741514570785 1.3799700387739984 1.3797525125738024 1.3794036400188752 1.3788981475949662 1.378205241065357 1.3772908087257416 1.376119800732607 1.374658490167953 1.3728761762564394 1.3707456122898618 1.3682408609744625 1.365330038126203 1.3619579748858408 1.3580112514252647 1.353272431936227 1.347530643270973 1.3421469321252784 1.3374607442435036 1.3335960389765331 1.3306287220054924 1.3286163098575852 1.3275994879114266 0.0 0.0 0.0 0.0 0.0 0.0 0.0 0.0 0.0 0.0 0.0 0.0 0.0 1.2421951054743312 1.242401391868226 1.2426360483980328 1.2427782416132103
1.379116293345558 1.3790511442878775 1.3789114046082385 1.3786788642856853 1.3783278493342088 1.3778270738190883 1.3771419114548473 1.3762369083674686 1.3750782904710719 1.3736361043339147 1.371885389096161 1.369805155776333 1.3673720467345303 1.3645387855547073 1.3611604652007856 1.3567131460751327 1.349094033339534 1.3430372573132905 1.3380690456764002 1.3340688696950027 1.3310304740781769 1.3289805237597172 1.3279472372304544 0.0 0.0 0.0 0.0 0.0 0.0 0.0 0.0 0.0 0.0 0.0 0.0 0.0 1.2465224643932318 1.2470257736285852 1.2475062441157014 1.2477694922073954
1.3775790147836233 1.3775564548719288 1.3775017575150528 1.3773964468232458 1.3772144723503115 1.3769241098215912 1.3764903407957085 1.3758775875808675 1.375052662305535 1.3739877909953293 1.3726636340443539 1.3710724927318223 1.3692229775120457 1.367151995377597 1.3649704519053207 1.3630661875573646 0.0 0.0 0.0 0.0 0.0 0.0 0.0 0.0 0.0 0.0 0.0 0.0 0.0 0.0 0.0 0.0 0.0 0.0 0.0 0.0 1.2507918404287117 1.2521233473469606 1.2530483773235361 1.2534809570629564
1.37543803716662 1.375460705795818 1.3754963162186413 1.3755260957533577 1.3755235608359997 1.375456455027703 1.3752892222626603 1.3749859441760421 1.3745136936654565 1.3738463374921184 1.372969035245331 1.3718842261685484 1.3706212615217768 1.3692551396584456 1.3679465441788055 1.3670198003091836 0.0 0.0 0.0 0.0 0.0 0.0 0.0 0.0 0.0 0.0 0.0 0.0 0.0 0.0 0.0 0.0 0.0 0.0 0.0 0.0 1.2542045572938265 1.2581144622210305 1.259577190474008 1.260122259585639
1.372688120220997 1.372757678895057 1.3728868899724833 1.3730566131481994 1.3732397973904156 1.3734034167555134 1.373510971127418 1.3735255104816722 1.3734131742928608 1.3731473188958303 1.3727134734429822 1.3721156779866304 1.3713852475161028 1.3705933900402283 1.3698675499063777 1.3694004335674683 0.0 0.0 0.0 0.0 0.0 0.0 0.0 0.0 0.0 0.0 0.0 0.0 0.0 0.0 0.0 0.0 0.0 0.0 0.0 0.0 0.0 1.267080883666804 1.2675598855003476 1.2678474016139987
1.3693447746964664 1.3694619776834693 1.3696862592528483 1.369998019224558 1.370369460915368 1.3707664684995813 1.37115104249882 1.3714842575674042 1.3717297273927391 1.371857602939994 1.37184918915264 1.371702306511182 1.3714374065425363 1.371103736163233 1.3707824386643805 1.3705775608394517 0.0 0.0 0.0 0.0 0.0 0.0 0.0 0.0 0.0 0.0 0.0 0.0 0.0 0.0 0.0 0.0 0.0 0.0 0.0 0.0 0.0 1.276145888322873 1.2763123144247024 1.2764387462156865
1.3654450860086143 1.3656098998995185 1.365929150943088 1.3663826946888726 1.366941819682682 1.3675710077880283 1.3682302123952004 1.3688776099984288 1.369472784404414 1.3699803071989989 1.3703736627159913 1.3706393774235253 1.3707809330272294 1.3708213492519663 1.3708019599861685 1.3707731314622515 0.0 0.0 0.0 0.0 0.0 0.0 0.0 0.0 0.0 0.0 0.0 0.0 0.0 0.0 0.0 0.0 0.0 0.0 0.0 0.0 0.0 1.2856571631374338 1.2857171717094367 1.2857688204797662
1.3610475564463114 1.3612593075989623 1.3616721656171455 1.3622653972539864 1.3630092724065717 1.3638666578081329 1.364795063986543 1.3657490881436423 1.3666831888814965 1.3675547170854914 1.3683270929082942 1.3689729254937713 1.369476660547793 1.369835949154887 1.3700604019646763 1.370166170451822 0.0 0.0 0.0 0.0 0.0 0.0 0.0 0.0 0.0 0.0 0.0 0.0 0.0 0.0 0.0 0.0 0.0 0.0 0.0 0.0 0.0 1.295745386402454 1.2957671278001175 1.2957871223843835
1.3562309395218908 1.3564884652508644 1.3569926212002437 1.3577221080650155 1.3586461852244347 1.3597260636167814 1.3609166720735004 1.3621687273751364 1.3634310289906246 1.3646528910378892 1.365786609584325 1.3667898299623138 1.3676276082458922 1.3682738434116994 1.3687116323164845 1.368932140855476 0.0 0.0 0.0 0.0 0.0 0.0 0.0 0.0 0.0 0.0 0.0 0.0 0.0 0.0 0.0 0.0 0.0 0.0 0.0 0.0 0.0 1.3064610731965178 1.30646792345841 1.306474417246782
1.3510921095830601 1.3513938902737446 1.3519863609242864 1.3528477638940533 1.3539464981673774 1.355242295652589 1.3566876831544996 1.3582296473229234 1.3598114114261985 1.3613742355937475 1.3628591728163744 1.3642087612801626 1.3653687200842282 1.3662898385976847 1.3669303611370107 1.3672591129648803 0.0 0.0 0.0 0.0 0.0 0.0 0.0 0.0 0.0 0.0 0.0 0.0 0.0 0.0 0.0 0.0 0.0 0.0 0.0 0.0 0.0 1.3178170205693909 1.3178161402551183 1.3178152291629013
1.3457430748386132 1.3460873289868378 1.3467646491703398 1.3477530173217245 1.349020273990038 1.35052508268074 1.352218090530637 1.3540431855358344 1.3559387394114972 1.357838733115726 1.3596737088107955 1.361371613047703 1.3628588432560318 1.3640622243211566 1.364913143761871 1.3653551917991908 0.0 0.0 0.0 0.0 0.0 0.0 0.0 0.0 0.0 0.0 0.0 0.0 0.0 0.0 0.0 0.0 0.0 0.0 0.0 0.0 0.0 1.3298019081214831 1.329792445557633 1.32978318689606
1.3403072957716398 1.340692027072313 1.3414503393088684 1.3425602333634725 1.3439894332231275 1.345696165366711 1.3476300519722633 1.3497329949581531 1.35193990437547 1.3541791178713705 1.356372394793467 1.3584345097204686 1.3602728366746595 1.36178810042467 1.3628788307704416 1.3634535380471478 0.0 0.0 0.0 0.0 0.0 0.0 0.0 0.0 0.0 0.0 0.0 0.0 0.0 0.0 0.0 0.0 0.0 0.0 0.0 0.0 0.0 1.3423856818842448 1.3423580237256074 1.342331416466593
1.3349155088447258 1.3353385028058675 1.3361735391260392 1.3373989753913247 1.3389829659272534 1.3408841068735826 1.3430521318092405 1.3454285091557976 1.347946745703667 1.3505321512626056 1.3531007842277554 1.3555573365847597 1.3577920066105464 1.359677402159178 1.3610691749584907 1.3618196172058814 0.0 0.0 0.0 0.0 0.0 0.0 0.0 0.0 0.0 0.0 0.0 0.0 0.0 0.0 0.0 0.0 0.0 0.0 0.0 0.0 0.0 1.3555258433437232 1.3554514608169022 1.3553821283622376
1.3297012748737107 1.33016005110407 1.331067019976491 1.3324012552678213 1.3341319355957926 1.336218927307844 1.3386133895820003 1.3412582356513232 1.344088210832895 1.3470292384026608 1.3499965156414784 1.3528906000358598 1.3555904824526233 1.3579428813873293 1.3597497091365685 1.36076742720449 0.0 0.0 0.0 0.0 0.0 0.0 0.0 0.0 0.0 0.0 0.0 0.0 0.0 0.0 0.0 0.0 0.0 0.0 0.0 0.0 0.0 1.3691841946020473 1.36898420271429 1.3688083951845684
1.3247964719118324 1.3252882062506737 1.326261614660188 1.327696821209182 1.3295645921147146 1.331826941502165 1.3344377796806557 1.3373434444307235 1.340482871843766 1.3437870148535962 1.3471768290943096 1.3505585506407691 1.3538137357863547 1.3567790084085918 1.3592066166865635 1.3607001453144556 0.0 0.0 0.0 0.0 0.0 0.0 0.0 0.0 0.0 0.0 0.0 0.0 0.0 0.0 0.0 0.0 0.0 0.0 0.0 0.0 0.0 1.383375301890087 1.3828272282431096 1.3823948869887706
1.3203269353832392 1.320848372185683 1.3218818265628927 1.3234087303269606 1.3254018822125397 1.3278261587118239 1.3306393393959337 1.3337929272704458 1.3372327840203249 1.3408992875592338 1.3447264781025159 1.3486390700619713 1.352544567645693 1.3563125018876354 1.3597139613716434 1.362218945944812 0.0 0.0 0.0 0.0 0.0 0.0 0.0 0.0 0.0 0.0 0.0 0.0 0.0 0.0 0.0 0.0 0.0 0.0 0.0 0.0 0.0 1.398307730894147 1.3967533349031247 1.395752397908018
1.3164084169879964 1.316955794744663 1.3180418313208913 1.3196494010384276 1.3217535805892673 1.3243225251990824 1.327318568732635 1.3306994933214238 1.334419905870042 1.3384326583059405 1.3426902752329346 1.3471464835361935 1.3517584744381146 1.3564927164753724 1.3613465461795395 1.366440917478638 1.3724488475412713 0.0 0.0 0.0 0.0 0.0 0.0 0.0 0.0 0.0 0.0 0.0 0.0 0.0 0.0 0.0 0.0 0.0 0.0 0.0 1.4247456650188675 1.4148138887284936 1.4101645093576098 1.4081600333171735
1.313142993902238 1.313712005842932 1.3148419981219606 1.3165172690569014 1.3187151645307806 1.3214071436160286 1.324560187334625 1.3281385606463447 1.3321059759535798 1.3364282965458834 1.341077137359978 1.3460352807530251 1.351306320200182 1.3569350320296054 1.3630561757210042 1.3700189497098105 1.3787008877924174 1.3911869286479905 1.4027904243559954 1.4139115634319386 1.4245767015952817 1.4346775224930142 1.4440549554915998 1.4525347963502833 1.45994643418462 1.4661347345036253 1.4709684783405468 1.4743464513968207 1.476201369151542 1.4765013636301585 1.4752483266610716 1.4724716245418539 1.4682138607198096 1.4625006136679208 1.455272762392895 1.4462188655598613 1.4343044327387977 1.4258281187690183 1.420791422270163 1.4184534345566147
1.3106160175908996 1.3112018228735958 1.3123660005560698 1.3140940933486651 1.316365439426733 1.3191544131935098 1.3224321110094148 1.3261685347398866 1.3303353796754591 1.3349096339768143 1.3398783931449854 1.3452456916662165 1.3510429575583154 1.357346140135418 1.3643041418161554 1.3721794058183254 1.3813632752431728 1.3921341993634762 1.4031630710314595 1.414069417483867 1.4246469136767375 1.43470972523564 1.4440700476389088 1.4525420669184674 1.4599502157069784 1.4661372350218596 1.4709711389634097 1.4743507969281309 1.47620989389818 1.4765189931995226 1.4752853776278225 1.4725502805934423 1.4683831522979693 1.4628735656702654 1.4561274727541813 1.4483054637661368 1.4398866819728744 1.4330194897821151 1.4284235746393539 1.4261523062957602
1.3088936536478213 1.3094909454571761 1.3106785382644788 1.312442895054813 1.3147648303513793 1.3176208818517103 1.3209851963880175 1.32483200126432 1.3291387761871252 1.3338902984641312 1.3390837962148252 1.3447354748834328 1.350888551938234 1.3576222064851933 1.3650581611702328 1.3733532459463997 1.3826448343494693 1.3928820970672156 1.4035454225529225 1.4142565068434338 1.4247370078522241 1.4347528908724922 1.4440907707091468 1.4525521855740322 1.459955519892744 1.4661407582363162 1.4709748928410131 1.4743569201227968 1.4762218687500803 1.4765436205926703 1.4753366205869587 1.4726571024532853 1.468605518208726 1.463334265016101 1.4570704856240129 1.4501759314249656 1.4432797897991103 1.4374373389816757 1.4333158932445693 1.4312068718707576
1.308021035279748 1.3086241619812646 1.3098236591412524 1.3116064783754111 1.3139542185980742 1.316844566718846 1.3202532865046295 1.3241568307476328 1.32853568311318 1.333378553442804 1.3386875079227574 1.3444839025836723 1.3508143578148573 1.3577544651104316 1.365404649064959 1.3738670728477789 1.3831876211299625 1.3932597694469628 1.4037648333452866 1.4143731034197145 1.4247961056837168 1.4347820986402067 1.4441050556681736 1.4525592384694963 1.459959242230532 1.466143240828683 1.470977541266431 1.4743612349858493 1.4762302835364252 1.4765608429892543 1.475372160699811 1.4727301528086363 1.4687540142703452 1.4636300764358712 1.457639030633771 1.4512007815524062 1.444921595500716 1.4395577425188126 1.43570212305574 1.4337003418599559
0.0 0.0 0.0 0.0 0.0 0.0 0.0 0.0 0.0 0.0 0.0 0.0 0.0 0.0 0.0 0.0 0.0 0.0 0.0 0.0 0.0 0.0 0.0 0.0 0.0 0.0 0.0 0.0 0.0 0.0 0.0 0.0 0.0 0.0 0.0 0.0 0.0 0.0 0.0 0.0
0.0 0.0 0.0 0.0 0.0 0.0 0.0 0.0 0.0 0.0 0.0 0.0 0.0 0.0 0.0 0.0 0.0 0.0 0.0 0.0 0.0 0.0 0.0 0.0 0.0 0.0 0.0 0.0 0.0 0.0 0.0 0.0 0.0 0.0 0.0 0.0 0.0 0.0 0.0 0.0
0.0 0.0 0.0 0.0 0.0 0.0 0.0 0.0 0.0 0.0 0.0 0.0 0.0 0.0 0.0 0.0 0.0 0.0 0.0 0.0 0.0 0.0 0.0 0.0 0.0 0.0 0.0 0.0 0.0 0.0 0.0 0.0 0.0 0.0 0.0 0.0 0.0 0.0 0.0 0.0
0.0 0.0 0.0 0.0 0.0 0.0 0.0 0.0 0.0 0.0 0.0 0.0 0.0 0.0 0.0 0.0 0.0 0.0 0.0 0.0 0.0 0.0 0.0 0.0 0.0 0.0 0.0 0.0 0.0 0.0 0.0 0.0 0.0 0.0 0.0 0.0 0.0 0.0 0.0 0.0
0.0 0.0 0.0 0.0 0.0 0.0 0.0 0.0 0.0 0.0 0.0 0.0 0.0 0.0 0.0 0.0 0.0 0.0 0.0 0.0 0.0 0.0 0.0 0.0 0.0 0.0 0.0 0.0 0.0 0.0 0.0 0.0 0.0 0.0 0.0 0.0 0.0 0.0 0.0 0.0
0.0 0.0 0.0 0.0 0.0 0.0 0.0 0.0 0.0 0.0 0.0 0.0 0.0 0.0 0.0 0.0 0.0 0.0 0.0 0.0 0.0 0.0 0.0 0.0 0.0 0.0 0.0 0.0 0.0 0.0 0.0 0.0 0.0 0.0 0.0 0.0 0.0 0.0 0.0 0.0
0.0 0.0 0.0 0.0 0.0 0.0 0.0 0.0 0.0 0.0 0.0 0.0 0.0 0.0 0.0 0.0 0.0 0.0 0.0 0.0 0.0 0.0 0.0 0.0 0.0 0.0 0.0 0.0 0.0 0.0 0.0 0.0 0.0 0.0 0.0 0.0 0.0 0.0 0.0 0.0
0.0 0.0 0.0 0.0 0.0 0.0 0.0 0.0 0.0 0.0 0.0 0.0 0.0 0.0 0.0 0.0 0.0 0.0 0.0 0.0 0.0 0.0 0.0 0.0 0.0 0.0 0.0 0.0 0.0 0.0 0.0 0.0 0.0 0.0 0.0 0.0 0.0 0.0 0.0 0.0
0.0 0.0 0.0 0.0 0.0 0.0 0.0 0.0 0.0 0.0 0.0 0.0 0.0 0.0 0.0 0.0 0.0 0.0 0.0 0.0 0.0 0.0 0.0 0.0 0.0 0.0 0.0 0.0 0.0 0.0 0.0 0.0 0.0 0.0 0.0 0.0 0.0 0.0 0.0 0.0
0.0 0.0 0.0 0.0 0.0 0.0 0.0 0.0 0.0 0.0 0.0 0.0 0.0 0.0 0.0 0.0 0.0 0.0 0.0 0.0 0.0 0.0 0.0 0.0 0.0 0.0 0.0 0.0 0.0 0.0 0.0 0.0 0.0 0.0 0.0 0.0 0.0 0.0 0.0 0.0
