0.5761613230579794
0.0 1.2346916177040845 1.2346062490778047 1.2344637803950382 1.2342766783795642 1.2340542196363335 1.2338059391839664 1.2335426388966328 1.233276629028045 1.233021603039374 1.2327921914050401 1.2326031308474996 1.2324679794535793 1.2323974147951635 0.0 0.0 0.0 0.0 0.0 0.0 0.0 0.0 0.0 0.0 0.0 0.0 0.0 0.0 0.0 0.0 0.0 0.0 0.0 0.0 0.0 0.0 1.105182729958859 1.1051827300766395 1.1051827302432053 1.105182730360985
1.2348833187093575 1.2347894480513666 1.2346765808480555 1.2345227636456273 1.2343277629976528 1.2340973949814489 1.2338401777129908 1.23356663993844 1.2332891495795342 1.233021737391605 1.2327797161460456 1.2325789305725718 1.2324344578023214 1.2323586389089134 0.0 0.0 0.0 0.0 0.0 0.0 0.0 0.0 0.0 0.0 0.0 0.0 0.0 0.0 0.0 0.0 0.0 0.0 0.0 0.0 0.0 0.0 1.1052944860679974 1.105294486253862 1.1052944865167127 1.1052944867025751
1.2349846172125378 1.2349155015028834 1.234798348445201 1.2346347439082588 1.234427580550369 1.2341826087453542 1.233908026190314 1.2336142288931957 1.2333137458622785 1.2330212058121355 1.2327531863483796 1.2325277341039893 1.232363192997587 1.2322758116303343 0.0 0.0 0.0 0.0 0.0 0.0 0.0 0.0 0.0 0.0 0.0 0.0 0.0 0.0 0.0 0.0 0.0 0.0 0.0 0.0 0.0 0.0 1.1055184771786888 1.105518477539961 1.1055184780508713 1.1055184784121357
1.235158211828529 1.2350936994382253 1.2349718941288954 1.2347971150277632 1.2345738774865227 1.2343083056235447 1.2340085261217286 1.2336848310961823 1.2333498603806214 1.2330188510115672 1.232709921902816 1.2324442300400529 1.2322454765598168 1.2321374591120136 0.0 0.0 0.0 0.0 0.0 0.0 0.0 0.0 0.0 0.0 0.0 0.0 0.0 0.0 0.0 0.0 0.0 0.0 0.0 0.0 0.0 0.0 1.1058556992415787 1.1058556999868059 1.1058557010406949 1.105855701785892
1.2353919794714432 1.23532557770229 1.2351960693155832 1.235007357870316 1.2347641726658607 1.2344726283360288 1.234140610358801 1.2337780820229127 1.2333974499734832 1.233014111340635 1.232647320860802 1.232321493404958 1.232067698886475 1.2319234263159584 0.0 0.0 0.0 0.0 0.0 0.0 0.0 0.0 0.0 0.0 0.0 0.0 0.0 0.0 0.0 0.0 0.0 0.0 0.0 0.0 0.0 0.0 1.1063077392497103 1.1063077408095123 1.1063077430153254 1.1063077445750147
1.235677407809287 1.2356065735765578 1.2354669076852243 1.2352616555458105 1.2349952022752317 1.2346732744132838 1.234303201047137 1.2338942082955757 1.233457824262433 1.2330085605481333 1.2325652152473852 1.2321535272834683 1.2318115486522754 1.2315988223766035 0.0 0.0 0.0 0.0 0.0 0.0 0.0 0.0 0.0 0.0 0.0 0.0 0.0 0.0 0.0 0.0 0.0 0.0 0.0 0.0 0.0 0.0 1.1068768804140108 1.106876883691655 1.106876888326644 1.1068768916038656
1.2360058945383774 1.235929495310586 1.2357781549101083 1.235554563296489 1.2352625721787036 1.2349072730980897 1.234495144324116 1.2340342373937176 1.2335344333731983 1.2330078845411319 1.2324699801314427 1.231941916064153 1.2314587370939338 1.2310982828588366 0.0 0.0 0.0 0.0 0.0 0.0 0.0 0.0 0.0 0.0 0.0 0.0 0.0 0.0 0.0 0.0 0.0 0.0 0.0 0.0 0.0 0.0 1.1075662317300947 1.1075662386296061 1.1075662483858635 1.107566255283789
1.236367576176781 1.2362851867169877 1.2361215533715293 1.2358788978268747 1.2355604870021155 1.2351706584729325 1.2347148695695742 1.2341997302802894 1.2336329760268419 1.2330233053713249 1.23237988954153 1.231710915730489 1.2310186820362068 1.2302804412211759 1.2293643153116114 0.0 0.0 0.0 0.0 0.0 0.0 0.0 0.0 0.0 0.0 0.0 0.0 0.0 0.0 0.0 0.0 0.0 0.0 0.0 0.0 0.0 1.1083798730502707 1.1083798875953028 1.1083799081608565 1.1083799226999373
1.2367508979796975 1.236662589648273 1.2364868906436326 1.2362256152567244 1.235881461394364 1.235458008309976 1.2349596973250798 1.2343917430027862 1.233759884488336 1.2330697995856033 1.2323257873648095 1.2315277760087175 1.230664341808368 1.2296963907780813 1.2285227178657365 1.226941839370256 1.2255847517317346 1.2243986966526272 1.2233796394134788 1.2225389479224744 1.2218916496071217 1.2214515375139223 1.2212288001555365 0.0 0.0 0.0 0.0 0.0 0.0 0.0 0.0 0.0 0.0 0.0 0.0 0.0 1.1093230046679676 1.1093230353782513 1.1093230787932682 1.1093231094812352
1.237142454263006 1.237048715904629 1.2368619712310773 1.2365836806759694 1.236216030384739 1.2357619226302716 1.2352249317553308 1.2346091747750285 1.2339190111574436 1.233158424984591 1.2323298356589636 1.2314319336937025 1.2304561133770746 1.2293821229025914 1.2281796257250046 1.2268462211826363 1.2255750961788043 1.2244231856874375 1.2234193093358998 1.2225858941005276 1.2219421956755245 1.221503822012273 1.2212817879224682 0.0 0.0 0.0 0.0 0.0 0.0 0.0 0.0 0.0 0.0 0.0 0.0 0.0 1.110402088064411 1.1104021530120787 1.1104022448022683 1.11040230966629
1.2375269798098183 1.2374286677288913 1.2372326197485988 1.2369399945925423 1.236552543679064 1.2360726143233174 1.2355031233043594 1.234847464308969 1.234109297070768 1.2332921508654093 1.2323987779239527 1.2314302803017911 1.2303854091240825 1.2292615918386334 1.22806193738658 1.2268155444797664 1.225605438497544 1.2244885747736147 1.2235038854862648 1.2226807781447486 1.222042481941751 1.221606781102896 1.2213858354860656 0.0 0.0 0.0 0.0 0.0 0.0 0.0 0.0 0.0 0.0 0.0 0.0 0.0 1.1116249614456146 1.11162509902943 1.1116252933779278 1.1116254306483624
1.2378874700583287 1.2377857588074441 1.2375827804167052 1.2372794389364374 1.2368771261824005 1.2363777524419002 1.2357837651522567 1.23509813648505 1.2343243016227154 1.233466043275402 1.23252736445946 1.2315125145078554 1.2304266081144022 1.229277759086614 1.2280820600261853 1.2268714255138164 1.2256967509751293 1.2246054572695282 1.2236369167911387 1.2228232059760906 1.222189999490068 1.2217568173401778 1.221536881941739 0.0 0.0 0.0 0.0 0.0 0.0 0.0 0.0 0.0 0.0 0.0 0.0 0.0 1.1130009092629727 1.113001201202948 1.1130016132238543 1.1130019039901977
1.238205431220225 1.238101759902753 1.23789474714983 1.2375850784331859 1.2371738429750097 1.2366625980850081 1.236053441806113 1.2353490880474223 1.2345529476057013 1.2336692409461307 1.2327032142915557 1.2316616114414753 1.230553667872845 1.2293929691277172 1.228200279956171 1.2270063034926466 1.225850924391716 1.2247752865124333 1.2238172784984043 1.2230097427085722 1.2223797145070991 1.2219479413958279 1.2217284977088232 0.0 0.0 0.0 0.0 0.0 0.0 0.0 0.0 0.0 0.0 0.0 0.0 0.0 1.1145406575672954 1.114541278089847 1.1145421524574533 1.1145427685860885
1.2384612616376462 1.2383572771603004 1.2381495349672005 1.2378385237258105 1.2374250617572211 1.236910393176075 1.236296308713066 1.2355852920573291 1.234780703635925 1.2338870343088244 1.2329102935502274 1.2318586363294133 1.2307433566376427 1.2295803155928946 1.228391596552461 1.2272065695908612 1.2260608942036226 1.2249927455883314 1.2240391677269242 1.2232334986230105 1.2226037461056634 1.2221715926553993 1.2219517869376963 0.0 0.0 0.0 0.0 0.0 0.0 0.0 0.0 0.0 0.0 0.0 0.0 0.0 1.1162562534633558 1.1162575749091725 1.116259431684449 1.1162607366840427
1.2386347586836084 1.2385322584000558 1.238327386060219 1.2380204413050788 1.2376119792163827 1.2371029314745232 1.236494761725952 1.235789656602383 1.2349907633504338 1.2341025009671793 1.2331309935413433 1.2320846959241403 1.2309752832535545 1.229818814141035 1.2286369873686085 1.2274579614065984 1.2263158653212578 1.225248376560225 1.224293107429776 1.2234844546948616 1.2228514924698777 1.2224167433541109 1.2221955062615861 0.0 0.0 0.0 0.0 0.0 0.0 0.0 0.0 0.0 0.0 0.0 0.0 0.0 1.1181607592135179 1.118163580377678 1.1181675244813447 1.1181702840980907
1.2387057372860024 1.2386066126562805 1.2384083924253324 1.2381111841154446 1.2377152698872351 1.237221244604925 1.2366301907919122 1.2359438878744209 1.2351650593560695 1.2342976728005959 1.233347324634031 1.2323217643168174 1.2312316350908488 1.2300915123915803 1.2289212541820413 1.2277474254557856 1.2266039629922556 1.2255304463321743 1.2245669884624157 1.22375003709111 1.223110019476905 1.2226702409590275 1.22244640519792 0.0 0.0 0.0 0.0 0.0 0.0 0.0 0.0 0.0 0.0 0.0 0.0 0.0 1.1202676305366817 1.1202736766686632 1.1202820533215545 1.1202878691424127
1.2386547388606646 1.2385609208256192 1.2383732103730414 1.238091513055746 1.237715819320494 1.2372463532431404 1.236683755961354 1.2360292939873094 1.2352850840075906 1.234454330800085 1.2335415871523454 1.2325530729702099 1.2314971531763357 1.2303851957208425 1.229233204218568 1.228064633953062 1.2269138294890087 1.225826050929127 1.2248467715093874 1.224015643644365 1.2233645579751273 1.2229173293351927 1.2226897700428203 0.0 0.0 0.0 0.0 0.0 0.0 0.0 0.0 0.0 0.0 0.0 0.0 0.0 1.1225895073020553 1.122602549663338 1.1226203273065707 1.1226325078657966
1.2384638035474695 1.2383772099859869 1.2382038386849519 1.2379433798745487 1.237595510704405 1.2371600524584612 1.2366371587769023 1.2360275165743881 1.2353325362491643 1.2345545024509548 1.2336966545166883 1.2327631806646941 1.2317591851462033 1.2306909312774754 1.2295672815603136 1.228404363595584 1.22723570120554 1.226121346833737 1.2251166079941471 1.2242649613684735 1.223599038106074 1.223142327664894 1.222910169756979 0.0 0.0 0.0 0.0 0.0 0.0 0.0 0.0 0.0 0.0 0.0 0.0 0.0 1.1251358037930177 1.1251642619713078 1.1252019258187667 1.1252271591880838
1.2381172739209465 1.2380397599426658 1.2378844299622935 1.2376507431597215 1.2373380410599975 1.2369457157389827 1.2364734079951376 1.2359212103422135 1.2352898377316788 1.2345807096071264 1.233795856017391 1.2329375185194635 1.2320072935063955 1.2310048169495658 1.2299269157390584 1.2287716992114948 1.2275614827585692 1.2264001773607578 1.2253580748013668 1.2244800438338939 1.2237967099916933 1.2233295143130336 1.223092436944879 0.0 0.0 0.0 0.0 0.0 0.0 0.0 0.0 0.0 0.0 0.0 0.0 0.0 1.1279076226063427 1.1279709768510904 1.128050460543107 1.1281017475539221
1.2376025944200177 1.2375359071064054 1.2374021024158766 1.2372003890681185 1.2369297469769251 1.2365891123402313 1.2361775979203635 1.2356947218622683 1.235140603195748 1.234516053311436 1.2338224333294678 1.233061019729596 1.232231344973214 1.231327432523878 1.2303301937344304 1.2291968562374496 1.227880150541189 1.2266391004277202 1.2255483193126755 1.2246414410678272 1.223941100802439 1.2234643403411096 1.2232229355409252 0.0 0.0 0.0 0.0 0.0 0.0 0.0 0.0 0.0 0.0 0.0 0.0 0.0 1.1308861754364083 1.1310321225113573 1.1311983232351244 1.1312991152478986
1.236911067453882 1.2368568075334085 1.2367477161766367 1.236582725667357 1.236360418256805 1.236079234149659 1.2357377272306052 1.2353348479122255 1.2348702218921663 1.2343443726332615 1.2337587869687336 1.233115594949875 1.2324162417640578 1.2316571368069973 1.2308146889042995 1.2297876418103397 1.2281496541779369 1.2267955258072063 1.2256583141508341 1.2247295255310378 1.2240178319188788 1.2235351180875056 1.223291110581263 0.0 0.0 0.0 0.0 0.0 0.0 0.0 0.0 0.0 0.0 0.0 0.0 0.0 1.1340039351817894 1.1343591894117389 1.1346988403554548 1.1348851399547732
1.2360385247632901 1.2359981180520598 1.2359165741474119 1.2357925137560428 1.2356240690121763 1.235409116397986 1.2351455743053892 1.2348317560103892 1.2344667692751523 1.2340509580746915 1.2335863984412205 1.233077521952453 1.2325321812153178 1.2319644741835423 1.2314050857705536 1.2309456976722832 0.0 0.0 0.0 0.0 0.0 0.0 0.0 0.0 0.0 0.0 0.0 0.0 0.0 0.0 0.0 0.0 0.0 0.0 0.0 0.0 1.1370648387491535 1.138002577437593 1.138655306392839 1.1389609966896164
1.2349858718959879 1.2349605527342433 1.2349090035518946 1.234829489018144 1.2347196204168813 1.234576608771549 1.234397597948656 1.2341800791818696 1.2339223974579685 1.2336243807919671 1.2332881711452175 1.2329194512352144 1.2325295478688527 1.2321395811886475 1.2317892193040128 1.2315533646002976 0.0 0.0 0.0 0.0 0.0 0.0 0.0 0.0 0.0 0.0 0.0 0.0 0.0 0.0 0.0 0.0 0.0 0.0 0.0 0.0 1.1394969789004905 1.1422453983688485 1.1432759478522927 1.1436607191339747
1.2337594656511146 1.2337502729426066 1.2337307728539035 1.2336988239513127 1.2336514331904809 1.233585017867424 1.2334957560757047 1.2333800328269842 1.2332349999127827 1.2330592877928894 1.2328539440980952 1.2326237358108068 1.2323790438129125 1.232138631952858 1.2319331838494731 1.231807067899762 0.0 0.0 0.0 0.0 0.0 0.0 0.0 0.0 0.0 0.0 0.0 0.0 0.0 0.0 0.0 0.0 0.0 0.0 0.0 0.0 0.0 1.1485349686525115 1.1488730555404922 1.14907625624598
1.2323712900330661 1.232379074225322 1.232393302188064 1.2324113782430404 1.2324296215082782 1.2324435211633564 1.2324480796327286 1.2324382514426144 1.2324094939728278 1.2323584582930285 1.2322838614533957 1.2321875858924176 1.2320760132592103 1.2319614213420582 1.231862718505826 1.2318034823767225 0.0 0.0 0.0 0.0 0.0 0.0 0.0 0.0 0.0 0.0 0.0 0.0 0.0 0.0 0.0 0.0 0.0 0.0 0.0 0.0 0.0 1.1548279549527696 1.1549456414715045 1.1550351258694502
1.230838906021042 1.2308643431340665 1.2309136353561805 1.2309836965052487 1.231070091340099 1.2311672677074819 1.2312688672377705 1.2313681198801445 1.2314583330885096 1.2315334918163872 1.2315889849014314 1.231622453103583 1.23163468503998 1.2316303189240694 1.2316177852477739 1.231607512815475 0.0 0.0 0.0 0.0 0.0 0.0 0.0 0.0 0.0 0.0 0.0 0.0 0.0 0.0 0.0 0.0 0.0 0.0 0.0 0.0 0.0 1.1613475878395518 1.1613901223447187 1.1614267558563907
1.2291851637969458 1.2292287710647276 1.2293141571058936 1.2294377312643898 1.2295942720334603 1.2297771213894653 1.2299784410198322 1.2301895319869258 1.23040122363883 1.2306043417178159 1.2307902649486357 1.230951564142903 1.2310826715406185 1.2311804315590735 1.2312442396446106 1.2312753761606627 0.0 0.0 0.0 0.0 0.0 0.0 0.0 0.0 0.0 0.0 0.0 0.0 0.0 0.0 0.0 0.0 0.0 0.0 0.0 0.0 0.0 1.1681647079401523 1.1681802219290738 1.1681945014614674
1.2274376816464345 1.2274998288359604 1.2276220583873239 1.2278002924486802 1.22802854106967 1.228299047641487 1.2286024738340304 1.2289281208457805 1.2292641883983648 1.229598080313855 1.2299167744983122 1.230207282146658 1.2304572186142828 1.2306554852524552 1.2307930075730396 1.2308634007867647 0.0 0.0 0.0 0.0 0.0 0.0 0.0 0.0 0.0 0.0 0.0 0.0 0.0 0.0 0.0 0.0 0.0 0.0 0.0 0.0 0.0 1.1752946845870862 1.1752997926619537 1.175304647330143
1.2256281117687686 1.2257090228234127 1.225868571697688 1.2261022478541777 1.226403370842416 1.2267631809146686 1.2271709424522868 1.2276140502978017 1.2280781339236555 1.2285471659756497 1.2290036036868082 1.229428628381937 1.2298026022375002 1.2301059236193679 1.2303204905337226 1.2304318707701416 0.0 0.0 0.0 0.0 0.0 0.0 0.0 0.0 0.0 0.0 0.0 0.0 0.0 0.0 0.0 0.0 0.0 0.0 0.0 0.0 0.0 1.1827283576799021 1.1827283601642582 1.1827283344486532
1.223791227880585 1.2238909690506852 1.2240880160978433 1.22437751934585 1.224752249909869 1.2252026363785988 1.2257167853973565 1.2262804661835878 1.2268770414369672 1.2274873388600107 1.2280894873379258 1.2286588052207363 1.2291679472349382 1.229587706596393 1.2298890852519977 1.2300472548233239 0.0 0.0 0.0 0.0 0.0 0.0 0.0 0.0 0.0 0.0 0.0 0.0 0.0 0.0 0.0 0.0 0.0 0.0 0.0 0.0 0.0 1.1904428419344713 1.190437737037218 1.1904327458094321
1.2219638812060558 1.2220823340806053 1.222316705388451 1.2226619355272783 1.2231104493708513 1.223652148538561 1.224274360139306 1.2249617083924345 1.2256958707701304 1.2264551827352916 1.2272140762354085 1.2279424037191695 1.2286048671728815 1.2291611331803232 1.229567851489444 1.2297845042747153 0.0 0.0 0.0 0.0 0.0 0.0 0.0 0.0 0.0 0.0 0.0 0.0 0.0 0.0 0.0 0.0 0.0 0.0 0.0 0.0 0.0 1.1984064178014393 1.1983909646435487 1.1983761093712653
1.2201838790125739 1.2203206996490563 1.2205917821516123 1.2209920126102862 1.2215137184327378 1.2221466355783992 1.2228778122662567 1.223691400789771 1.224568272310715 1.2254853702384068 1.2264147018232905 1.2273218800685664 1.2281642499066674 1.2288890815087563 1.2294335661442426 1.2297310443280518 0.0 0.0 0.0 0.0 0.0 0.0 0.0 0.0 0.0 0.0 0.0 0.0 0.0 0.0 0.0 0.0 0.0 0.0 0.0 0.0 0.0 1.2065834500904475 1.2065415819994432 1.2065025940179548
1.2184888424947238 1.2186434108994821 1.2189500439847594 1.2194037403481097 1.2199970013752084 1.220719801976909 1.2215594926569857 1.2225005743679336 1.2235242583267525 1.2246076752323032 1.2257225186735101 1.2268327835766462 1.2278911176348675 1.2288333598886207 1.2295720566469637 1.2299953770273533 0.0 0.0 0.0 0.0 0.0 0.0 0.0 0.0 0.0 0.0 0.0 0.0 0.0 0.0 0.0 0.0 0.0 0.0 0.0 0.0 0.0 1.21494499318925 1.214831979129446 1.214732781794747
1.2169150982248396 1.2170864653535445 1.217426825469602 1.2179314477047494 1.218593268459382 1.219402899403301 1.2203485826932483 1.221416036585539 1.2225881012321218 1.2238440307526197 1.2251581456427396 1.2264972741051028 1.2278157878548337 1.2290457425378563 1.2300775370155914 1.2307275068516181 0.0 0.0 0.0 0.0 0.0 0.0 0.0 0.0 0.0 0.0 0.0 0.0 0.0 0.0 0.0 0.0 0.0 0.0 0.0 0.0 0.0 1.223497309510061 1.2231865190985365 1.2229419596037134
1.2154966498711963 1.2156834914916026 1.2160549897918942 1.2166068117554394 1.2173325416776877 1.2182237580997934 1.219270095643267 1.2204592523984683 1.2217768825303226 1.2232062710599116 1.2247275877948913 1.226316257010857 1.2279392213908575 1.2295453799798401 1.2310371865189302 1.232172117273648 0.0 0.0 0.0 0.0 0.0 0.0 0.0 0.0 0.0 0.0 0.0 0.0 0.0 0.0 0.0 0.0 0.0 0.0 0.0 0.0 0.0 1.2323633917945338 1.2314789148304757 1.2309116722851048
1.2142642654737552 1.2144648529552178 1.2148640680142 1.2154580525305998 1.2162411688285755 1.217206166589546 1.2183443867977297 1.2196459915011546 1.2211002123054076 1.2226956228654142 1.2244204747834042 1.226263241707877 1.2282138818505763 1.2302677235102097 1.2324396774534698 1.2348225183319366 1.237847213895005 0.0 0.0 0.0 0.0 0.0 0.0 0.0 0.0 0.0 0.0 0.0 0.0 0.0 0.0 0.0 0.0 0.0 0.0 0.0 1.247760964109956 1.242030085785925 1.2393756801002 1.2382393829066654
1.2132447020772075 1.2134568989130479 1.2138795640614575 1.2145093284173676 1.2153413572242575 1.2163696116652083 1.2175872010094775 1.2189868402426738 1.2205614521847328 1.2223050046411879 1.2242137894982597 1.226288633416233 1.228539257498205 1.2309939271941506 1.2337225520281003 1.2368933291407718 1.2409022020107547 1.246573593113689 1.2516633491607516 1.2563941566560972 1.2608018122023852 1.2648566998434174 1.2685058339602526 1.2716897496396427 1.2743504046916816 1.276435442016486 1.27790075641916 1.2787120941522994 1.2788459013499165 1.278289346854259 1.277039156573678 1.2750984010986577 1.2724692724770874 1.2691371077003695 1.2650332136093596 1.2599403180101127 1.253223350543939 1.2484269219436763 1.245587377459663 1.2442741047931547
1.212460076300527 1.2126813659266407 1.2131224236139488 1.213780317729156 1.21465093162909 1.2157293083372347 1.2170101291028148 1.2184883557081447 1.2201600945095161 1.2220237905533324 1.224081953176785 1.2263437929780434 1.228829487918805 1.231577341701996 1.2346554322408774 1.2381764669158482 1.242294616440132 1.2470762819763401 1.251863702217108 1.256479945806096 1.2608403052528443 1.264874483766405 1.2685142211213136 1.271693812209727 1.2743525272346408 1.2764368501107886 1.2779022580754527 1.278714552073601 1.278850733238211 1.2782993583597968 1.2770602335226058 1.2751432195938355 1.2725658938339626 1.2693503173344864 1.2655226214054298 1.2611368432245138 1.2564282110550662 1.2525903118887474 1.2500282099832987 1.2487649227794442
1.211927378775438 1.212154924713632 1.2126086501267952 1.2132859510717116 1.2141832480538362 1.2152963906438394 1.2166212239427154 1.2181543507369776 1.2198941439316626 1.2218420891688877 1.224004560059215 1.226395124642471 1.229037379560133 1.2319678881650904 1.2352374218255544 1.2389047584562116 1.243008054581573 1.2474872294515913 1.2520735572916324 1.2565828727334987 1.2608900544082904 1.2648984223774804 1.268525765784325 1.2716994741052492 1.2743555066319057 1.2764388347011755 1.277904376901505 1.2787180154381286 1.2788575204315475 1.2783133430438562 1.2770893814825526 1.2752040802812483 1.2726927885072234 1.2696136522471357 1.2660625751355232 1.2622098492201175 1.2583792710626664 1.2551436513568754 1.2528666422865158 1.251703448421022
1.2116581238498427 1.2118888585133283 1.212349044299021 1.2130362523536276 1.213947189786952 1.2150781352390216 1.216425549336469 1.2179868931641649 1.2197617009820851 1.2217529577035848 1.223968802823537 1.2264244652315035 1.229144012055163 1.23216075383504 1.2355136806192062 1.2392350435265012 1.2433228737718787 1.2476998496882423 1.2521957716975842 1.2566476041146606 1.2609228715285312 1.2649146763738401 1.2685337405714545 1.2717034254621669 1.2743575989038427 1.2764402335112197 1.2779058718614544 1.2787204559599195 1.2788622896720356 1.278323122329255 1.2771095960201877 1.2752456962336922 1.2727775192239448 1.2697827172490028 1.2663880897794308 1.2627977990190438 1.2593235835424712 1.256367974206805 1.2542488306567243 1.2531502780160364
0.0 0.0 0.0 0.0 0.0 0.0 0.0 0.0 0.0 0.0 0.0 0.0 0.0 0.0 0.0 0.0 0.0 0.0 0.0 0.0 0.0 0.0 0.0 0.0 0.0 0.0 0.0 0.0 0.0 0.0 0.0 0.0 0.0 0.0 0.0 0.0 0.0 0.0 0.0 0.0
0.0 0.0 0.0 0.0 0.0 0.0 0.0 0.0 0.0 0.0 0.0 0.0 0.0 0.0 0.0 0.0 0.0 0.0 0.0 0.0 0.0 0.0 0.0 0.0 0.0 0.0 0.0 0.0 0.0 0.0 0.0 0.0 0.0 0.0 0.0 0.0 0.0 0.0 0.0 0.0
0.0 0.0 0.0 0.0 0.0 0.0 0.0 0.0 0.0 0.0 0.0 0.0 0.0 0.0 0.0 0.0 0.0 0.0 0.0 0.0 0.0 0.0 0.0 0.0 0.0 0.0 0.0 0.0 0.0 0.0 0.0 0.0 0.0 0.0 0.0 0.0 0.0 0.0 0.0 0.0
0.0 0.0 0.0 0.0 0.0 0.0 0.0 0.0 0.0 0.0 0.0 0.0 0.0 0.0 0.0 0.0 0.0 0.0 0.0 0.0 0.0 0.0 0.0 0.0 0.0 0.0 0.0 0.0 0.0 0.0 0.0 0.0 0.0 0.0 0.0 0.0 0.0 0.0 0.0 0.0
0.0 0.0 0.0 0.0 0.0 0.0 0.0 0.0 0.0 0.0 0.0 0.0 0.0 0.0 0.0 0.0 0.0 0.0 0.0 0.0 0.0 0.0 0.0 0.0 0.0 0.0 0.0 0.0 0.0 0.0 0.0 0.0 0.0 0.0 0.0 0.0 0.0 0.0 0.0 0.0
0.0 0.0 0.0 0.0 0.0 0.0 0.0 0.0 0.0 0.0 0.0 0.0 0.0 0.0 0.0 0.0 0.0 0.0 0.0 0.0 0.0 0.0 0.0 0.0 0.0 0.0 0.0 0.0 0.0 0.0 0.0 0.0 0.0 0.0 0.0 0.0 0.0 0.0 0.0 0.0
0.0 0.0 0.0 0.0 0.0 0.0 0.0 0.0 0.0 0.0 0.0 0.0 0.0 0.0 0.0 0.0 0.0 0.0 0.0 0.0 0.0 0.0 0.0 0.0 0.0 0.0 0.0 0.0 0.0 0.0 0.0 0.0 0.0 0.0 0.0 0.0 0.0 0.0 0.0 0.0
0.0 0.0 0.0 0.0 0.0 0.0 0.0 0.0 0.0 0.0 0.0 0.0 0.0 0.0 0.0 0.0 0.0 0.0 0.0 0.0 0.0 0.0 0.0 0.0 0.0 0.0 0.0 0.0 0.0 0.0 0.0 0.0 0.0 0.0 0.0 0.0 0.0 0.0 0.0 0.0
0.0 0.0 0.0 0.0 0.0 0.0 0.0 0.0 0.0 0.0 0.0 0.0 0.0 0.0 0.0 0.0 0.0 0.0 0.0 0.0 0.0 0.0 0.0 0.0 0.0 0.0 0.0 0.0 0.0 0.0 0.0 0.0 0.0 0.0 0.0 0.0 0.0 0.0 0.0 0.0
0.0 0.0 0.0 0.0 0.0 0.0 0.0 0.0 0.0 0.0 0.0 0.0 0.0 0.0 0.0 0.0 0.0 0.0 0.0 0.0 0.0 0.0 0.0 0.0 0.0 0.0 0.0 0.0 0.0 0.0 0.0 0.0 0.0 0.0 0.0 0.0 0.0 0.0 0.0 0.0
