1.4028366574962177
0.0 2.7491982890816216 2.7481760195009683 2.745995710606585 2.742476701162261 2.740819159703341 2.7409567407086373 2.742725435241376 2.7458330498019587 2.749841905412036
2.753368408320532 2.7513366938444803 2.749446722176306 2.7480593597230873 0.0 0.0 0.0 0.0 0.0 2.754163170185898
2.7562227109582254 2.752520102627961 2.7500161295292207 2.7486266405785593 0.0 0.0 0.0 0.0 0.0 2.758064517430799
2.7624733285617427 0.0 0.0 0.0 0.0 0.0 0.0 0.0 0.0 2.7606917739146093
2.768443483665955 0.0 0.0 0.0 0.0 0.0 0.0 0.0 0.0 2.7611011065720312
2.7734349427676297 0.0 0.0 0.0 0.0 0.0 0.0 0.0 0.0 2.7582943271723472
2.77664752917236 0.0 0.0 0.0 0.0 0.0 0.0 0.0 0.0 2.7512496911428173
2.777202049670735 0.0 0.0 0.0 0.0 0.0 0.0 2.744300462583621 2.7395783282955084 2.738942758422611
2.7741660407014885 2.769059799400891 2.7631355758396667 2.7569248127695603 2.750759995676491 2.744897588769055 2.7395399823531434 2.734811561947509 2.7312607259683817 2.729912374396797
2.7716787483317593 2.7653621057316795 2.7588200261142757 2.752195688299809 2.7457334421001565 2.739677839897379 2.7342628686082877 2.729744262478104 2.7265139135086014 2.7250011481929155
