0.7749711160749403
0.0 1.6408208643517896 1.6409898133747896 1.641294478326269 1.6417119451388051 1.6422203057501994 1.6427955866963722 1.6434107104391102 1.6440352976712123 1.6446360308380084 1.6451776425190172 1.6456247529757053 1.645944798990192 1.6461120520140575 0.0 0.0 0.0 0.0 0.0 0.0 0.0 0.0 0.0 0.0 0.0 0.0 0.0 0.0 0.0 0.0 0.0 0.0 0.0 0.0 0.0 0.0 1.7073921179277562 1.7073921177350988 1.707392117462641 1.7073921172699849
1.640830541500047 1.640905097845996 1.6411042257305124 1.6414263775759064 1.6418583814236145 1.6423817935428981 1.6429741018947654 1.6436088992247104 1.6442559680344593 1.6448815737679814 1.6454492125336826 1.6459211767508521 1.6462614379291611 1.6464402711238133 0.0 0.0 0.0 0.0 0.0 0.0 0.0 0.0 0.0 0.0 0.0 0.0 0.0 0.0 0.0 0.0 0.0 0.0 0.0 0.0 0.0 0.0 1.707141753830645 1.7071417535300548 1.707141753104958 1.707141752804371
1.6410102233775266 1.6411172963812826 1.6413444768144707 1.6416915339278062 1.6421488880363193 1.6427006748613289 1.6433260642159693 1.6439996937130592 1.6446917363034192 1.6453678712720585 1.6459894162196027 1.6465140970384347 1.646898412873107 1.647103138096604 0.0 0.0 0.0 0.0 0.0 0.0 0.0 0.0 0.0 0.0 0.0 0.0 0.0 0.0 0.0 0.0 0.0 0.0 0.0 0.0 0.0 0.0 1.706638345576601 1.7066383449993126 1.706638344182912 1.7066383436056358
1.6413349854397667 1.6414595138590593 1.6417108665108533 1.6420862331095356 1.6425767296677827 1.64316803085334 1.6438409189195267 1.6445714491734802 1.6453307279539902 1.6460843049620746 1.6467912128046296 1.6474029748099028 1.6478638723348684 1.6481160521575513 0.0 0.0 0.0 0.0 0.0 0.0 0.0 0.0 0.0 0.0 0.0 0.0 0.0 0.0 0.0 0.0 0.0 0.0 0.0 0.0 0.0 0.0 1.705876682850676 1.7058766816715414 1.7058766800040246 1.7058766788249347
1.641783493118868 1.6419209290508365 1.6421947745360084 1.6426006816169978 1.6431299956941348 1.6437696367402204 1.644502170460348 1.6453057060520062 1.6461533866360702 1.6470121827810125 1.6478405399624072 1.6485843563610003 1.64917157230228 1.6495102166327662 0.0 0.0 0.0 0.0 0.0 0.0 0.0 0.0 0.0 0.0 0.0 0.0 0.0 0.0 0.0 0.0 0.0 0.0 0.0 0.0 0.0 0.0 1.7048493192417788 1.7048493167941083 1.7048493133326976 1.7048493108851939
1.6423373370472554 1.6424862572050867 1.6427820826122084 1.6432200058105486 1.6437918822676625 1.6444860396509793 1.6452872331956436 1.6461765109695907 1.6471307160948274 1.6481211554853763 1.649110426999013 1.6500451651595445 1.6508402109287268 1.6513493328905777 0.0 0.0 0.0 0.0 0.0 0.0 0.0 0.0 0.0 0.0 0.0 0.0 0.0 0.0 0.0 0.0 0.0 0.0 0.0 0.0 0.0 0.0 1.7035470000791264 1.703546994972797 1.7035469877517997 1.7035469826460954
1.642978040146428 1.6431378176841411 1.6434551912227744 1.6439255325858926 1.644541547713946 1.6452932229951536 1.6461679001754452 1.647150383503578 1.6482229341976709 1.6493648508680125 1.650550780774093 1.6517448664779069 1.6528796603296831 1.6537732312504225 0.0 0.0 0.0 0.0 0.0 0.0 0.0 0.0 0.0 0.0 0.0 0.0 0.0 0.0 0.0 0.0 0.0 0.0 0.0 0.0 0.0 0.0 1.7019592085110768 1.7019591978315205 1.7019591827300078 1.7019591720527925
1.6436863816805172 1.643856366521814 1.6441942957015965 1.6446960260943801 1.645355298877141 1.6461638580225182 1.6471117372917832 1.648187750924454 1.6493802831578095 1.6506786483052667 1.6520758205681934 1.6535751632598719 1.655211050530248 1.6571251080735576 1.6598893921551967 0.0 0.0 0.0 0.0 0.0 0.0 0.0 0.0 0.0 0.0 0.0 0.0 0.0 0.0 0.0 0.0 0.0 0.0 0.0 0.0 0.0 1.7000748103847168 1.700074788003747 1.7000747563585001 1.7000747339862918
1.6444425399157652 1.644621757989821 1.6449783945918943 1.645508879639629 1.6462079807172183 1.6470690517639686 1.6480844890543391 1.649246499990373 1.6505484031959106 1.6519869502714908 1.6535668045495315 1.65530984970557 1.6572754470566144 1.6596032740831732 1.6625817694428517 1.6665760190583152 1.6697353594351616 1.6723378381329317 1.6744797233819428 1.6761921252391836 1.6774813219758762 1.6783446983226882 1.6787778336734702 0.0 0.0 0.0 0.0 0.0 0.0 0.0 0.0 0.0 0.0 0.0 0.0 0.0 1.6978827755737513 1.697882728578531 1.697882662140574 1.697882615178125
1.6452265373211397 1.645413605459871 1.6457861863551468 1.6463412374420747 1.647074393064924 1.6479802693571208 1.6490529727914218 1.650286913321292 1.651678102886068 1.653226267701419 1.6549383324225153 1.6568340339057293 1.658953837291322 1.6613646446030623 1.6641386289332254 1.6672200363653773 1.6700452131741645 1.6725050096104055 1.6745773917071816 1.6762526763478045 1.6775211774373913 1.678373313964945 1.6788014713615178 0.0 0.0 0.0 0.0 0.0 0.0 0.0 0.0 0.0 0.0 0.0 0.0 0.0 1.6953729520257976 1.6953728531572556 1.6953727134234193 1.6953726146773784
1.6460187724623685 1.6462119187487294 1.6465968589388742 1.6471709657813824 1.6479305074849961 1.6488709380106203 1.6499873457063294 1.651275114206034 1.652730869352386 1.654353792213051 1.6561472990842514 1.658120700768539 1.6602891637583876 1.662666888084661 1.6652419145562043 1.6679188397443907 1.67046845067572 1.672763522854881 1.6747388351685208 1.676356470285232 1.6775908996578288 1.6784239471715576 1.678843521218948 0.0 0.0 0.0 0.0 0.0 0.0 0.0 0.0 0.0 0.0 0.0 0.0 0.0 1.6925368695758805 1.6925366611967403 1.6925363668318152 1.6925361589103558
1.6468005318831307 1.6469976684564611 1.6473907375863133 1.64797740061403 1.6487543291198061 1.6497174350191464 1.6508621953065343 1.6521840742255018 1.6536790234401453 1.6553439774477947 1.6571770976176137 1.6591771382221965 1.6613405532681413 1.6636538668077339 1.6660786241767755 1.6685319558216087 1.6708873198334802 1.6730415709347732 1.6749221176243116 1.6764784024996293 1.6776745779301727 1.6784855081343415 1.6788949733139618 0.0 0.0 0.0 0.0 0.0 0.0 0.0 0.0 0.0 0.0 0.0 0.0 0.0 1.6893685545336663 1.6893681145924735 1.689367493651448 1.6893670554194895
1.6475544281837586 1.6477532440944616 1.6481497708169388 1.6487418514316388 1.6495263831755331 1.6504994722218125 1.6516566244215032 1.6529929401100734 1.6545032432291642 1.6561820024443656 1.6580227709129092 1.6600166631956064 1.6621491469426752 1.6643944280284813 1.6667077701924535 1.6690196453684063 1.671241368196554 1.6732885145222112 1.675090905155975 1.67659356123339 1.677754968154727 1.6785453022973176 1.6789452294479035 0.0 0.0 0.0 0.0 0.0 0.0 0.0 0.0 0.0 0.0 0.0 0.0 0.0 1.6858653452855465 1.6858644149165845 1.6858631037989535 1.6858621798112217
1.6482647432749318 1.6484627968275631 1.6488578625266204 1.6494478939486734 1.6502299078996732 1.651200072830799 1.652353793035721 1.6536857422028721 1.6551897633205113 1.6568584950582452 1.6586825066355941 1.6606486444011295 1.6627372938447025 1.6649185381898324 1.667148074381991 1.6693653744130954 1.6714977863818696 1.6734711118572925 1.6752178557844526 1.6766813199960509 1.6778168380551217 1.678591645777779 1.678984332083695 0.0 0.0 0.0 0.0 0.0 0.0 0.0 0.0 0.0 0.0 0.0 0.0 0.0 1.6820287184391662 1.6820267474059043 1.6820239773638794 1.6820220301492699
1.6489176767640028 1.649112476339845 1.6495010783700315 1.6500815117205896 1.6508508716906594 1.6518053641526143 1.6529403275254921 1.654250187606095 1.6557282716574175 1.6573663688346103 1.659153878876871 1.6610763614816995 1.6631133411771666 1.665235445054107 1.6674014880032721 1.6695569632344547 1.671635982468037 1.6735676276379858 1.6752841654845918 1.6767269266537765 1.677849004988248 1.6786158294244806 1.6790048083367808 0.0 0.0 0.0 0.0 0.0 0.0 0.0 0.0 0.0 0.0 0.0 0.0 0.0 1.6778651758420666 1.6778609903490416 1.6778551370445582 1.677851040447054
1.6495015106920867 1.6496905806225377 1.650067760940737 1.6506311476000035 1.6513779173097407 1.6523043520726144 1.6534058432509293 1.6546768424440794 1.6561107077117179 1.6576993676966598 1.659432692693169 1.6612974243312557 1.6632754890547081 1.6653415484991538 1.6674598351062584 1.6695809325767743 1.6716405382797566 1.6735640222157306 1.6752786808248168 1.6767221662723848 1.677845563128101 1.6786134520723655 1.679002984398807 0.0 0.0 0.0 0.0 0.0 0.0 0.0 0.0 0.0 0.0 0.0 0.0 0.0 1.6733873328098916 1.6733784124701176 1.6733660475620007 1.6733574589809375
1.650006705272722 1.6501876382756504 1.6505485833403655 1.6510877100440944 1.6518022989202288 1.6526887655316111 1.6537426792452516 1.6549587630411813 1.6563308538636097 1.657851791164879 1.6595131758248756 1.6613048809244648 1.663214055275259 1.6652230785085582 1.6673055272673007 1.6694192345592778 1.6714980466537195 1.6734526019158447 1.6751979760909474 1.6766660824047566 1.6778067465600996 1.6785852330647058 1.678979736231146 0.0 0.0 0.0 0.0 0.0 0.0 0.0 0.0 0.0 0.0 0.0 0.0 0.0 1.668615554297229 1.6685964227365642 1.6685703244972232 1.6685524310535604
1.6504259385709987 1.6505964383697318 1.650936559946892 1.6514445574252479 1.6521178376501648 1.6529529922762067 1.6539458446955246 1.6550915199549623 1.6563845543014901 1.6578190722115418 1.659389063006191 1.6610887494067326 1.6629128472207144 1.664855900406157 1.6669083470688555 1.6690443272305548 1.671196181320639 1.6732335524678597 1.6750481913718795 1.6765662605241438 1.6777396168229664 1.6785373099505936 1.6789406091248722 0.0 0.0 0.0 0.0 0.0 0.0 0.0 0.0 0.0 0.0 0.0 0.0 0.0 1.663580976628622 1.663539481589473 1.6634844965170812 1.6634476221064518
1.65075409915949 1.650912016594664 1.6512270216523335 1.6516974631876824 1.652320888040799 1.6530940772738363 1.6540131124424398 1.655073498499734 1.6562703949973856 1.6575990513891905 1.659055612963549 1.6606385539380946 1.6623510173821652 1.6642038921311464 1.6662170206830145 1.668406953089003 1.670726556990078 1.6729215137057378 1.6748494845180508 1.67644071137274 1.677658369247717 1.6784808125879056 1.6788951320616299 0.0 0.0 0.0 0.0 0.0 0.0 0.0 0.0 0.0 0.0 0.0 0.0 0.0 1.6583319778401182 1.6582401717048059 1.6581247804998451 1.6580502180347645
1.6509882372548925 1.6511316013098234 1.6514175543443272 1.6518445505708281 1.6524102852048481 1.653111721156417 1.6539451470276325 1.654906299913263 1.6559906207836987 1.6571937795898435 1.6585127505905648 1.6599480218280005 1.661508165380819 1.6632192302181115 1.6651426685446207 1.6673978963177283 1.6701027270144297 1.6725629726394702 1.6746435049925064 1.6763193511179568 1.6775834175524564 1.6784302525087385 1.6788550809480025 0.0 0.0 0.0 0.0 0.0 0.0 0.0 0.0 0.0 0.0 0.0 0.0 0.0 1.652949450631681 1.652739297243956 1.6524993446594196 1.6523535377157834
1.651127478374687 1.6512545211460192 1.651507896380804 1.6518861807334757 1.6523872342111208 1.6530082005706361 1.6537455226121365 1.6545949955600128 1.6555519073220242 1.6566113695955746 1.657769071588284 1.6590230200506677 1.6603778269430916 1.661856587860871 1.6635391996667699 1.6657062633798967 1.66944998177104 1.6722736092750425 1.6744998892223302 1.6762414686668432 1.677537570628274 1.6784001807697986 1.6788315887166942 0.0 0.0 0.0 0.0 0.0 0.0 0.0 0.0 0.0 0.0 0.0 0.0 0.0 1.6475859711295813 1.6470776543037575 1.6465899131602568 1.6463216745370743
1.651172904712077 1.6512820776171748 1.6514997941221452 1.6518247841056424 1.6522551130100687 1.652788145103892 1.6534204926257763 1.654147950432006 1.6549654166189176 1.6558667973250054 1.656844872731052 1.657890993840061 1.6589939964200648 1.6601355579110446 1.6612692443855743 1.6622225418117917 0.0 0.0 0.0 0.0 0.0 0.0 0.0 0.0 0.0 0.0 0.0 0.0 0.0 0.0 0.0 0.0 0.0 0.0 0.0 0.0 1.6425759911198465 1.6412422077385398 1.6403096230634637 1.6398713598433758
1.6511274125427713 1.6512173908881684 1.6513968230088685 1.6516646404243316 1.6520191887346398 1.652458155499838 1.652978454493424 1.6535760424773454 1.6542456246542538 1.654980161657708 1.6557699884092236 1.6566010980313202 1.6574514856635854 1.6582828143554174 1.6590212106588922 1.6595182177061545 0.0 0.0 0.0 0.0 0.0 0.0 0.0 0.0 0.0 0.0 0.0 0.0 0.0 0.0 0.0 0.0 0.0 0.0 0.0 0.0 1.6387801382792695 1.6348910703227775 1.633425145459814 1.6328753572053196
1.6509955573927357 1.6510652321436676 1.651204191563593 1.651411632196674 1.6516862853030074 1.6520263243701456 1.6524292104259974 1.6528914380658335 1.65340811872118 1.6539722904602183 1.6545737566027936 1.6551970976623707 1.6558182475456684 1.6563987889088259 1.6568777490284363 1.6571657387588201 0.0 0.0 0.0 0.0 0.0 0.0 0.0 0.0 0.0 0.0 0.0 0.0 0.0 0.0 0.0 0.0 0.0 0.0 0.0 0.0 0.0 1.6260425732022068 1.6255600401008194 1.6252691290769596
1.6507834004127047 1.6508318590580648 1.6509285520365955 1.6510730095116097 1.651264467656458 1.651501779506357 1.651783261430583 1.652106436502695 1.6524676139959096 1.652861213068636 1.6532786994725475 1.6537069719920234 1.654126074469764 1.654506425917013 1.6548068879230107 1.654977856205225 0.0 0.0 0.0 0.0 0.0 0.0 0.0 0.0 0.0 0.0 0.0 0.0 0.0 0.0 0.0 0.0 0.0 0.0 0.0 0.0 0.0 1.6176610311308908 1.6174924613871695 1.617364000374374
1.6504983679747058 1.6505248696078143 1.650577840490272 1.6506572035467855 1.6507628069749412 1.6508943644977563 1.6510513451066344 1.6512327795693047 1.6514369359752266 1.6516608012233611 1.6518992992492294 1.652144205752636 1.652382842369317 1.652596963212147 1.6527629259038439 1.6528551886682314 0.0 0.0 0.0 0.0 0.0 0.0 0.0 0.0 0.0 0.0 0.0 0.0 0.0 0.0 0.0 0.0 0.0 0.0 0.0 0.0 0.0 1.6094925877164086 1.609431350802765 1.6093785143275405
1.6501491316839612 1.6501530836669775 1.6501611608675117 1.6501737125422729 1.650191265867204 1.6502145186599997 1.650244308284985 1.6502815335218721 1.6503269959640852 1.6503811187592277 1.6504435017332422 1.6505123017022507 1.650583518076515 1.6506504581675498 1.6507039567575594 1.6507341499168613 0.0 0.0 0.0 0.0 0.0 0.0 0.0 0.0 0.0 0.0 0.0 0.0 0.0 0.0 0.0 0.0 0.0 0.0 0.0 0.0 0.0 1.6014892048894418 1.6014665084485113 1.6014455718975011
1.6497455087409514 1.6497264529587587 1.6496887149545725 1.649633064080168 1.6495607088757818 1.6494733587362944 1.6493732975931175 1.649263457781493 1.6491474740747165 1.6490296875248227 1.6489150586733532 1.6488089461450781 1.6487167218383674 1.6486432452310402 1.6485923161357763 1.6485663296818673 0.0 0.0 0.0 0.0 0.0 0.0 0.0 0.0 0.0 0.0 0.0 0.0 0.0 0.0 0.0 0.0 0.0 0.0 0.0 0.0 0.0 1.5936695936903456 1.593661324850454 1.5936534226027657
1.6492983745184266 1.6492559902071355 1.649171766791875 1.6490468379272234 1.648883014395413 1.6486829220719488 1.648450193397121 1.6481897145809787 1.6479079245022796 1.6476131472994842 1.6473159131127708 1.647029171659128 1.646768223190819 1.6465500874597911 1.6463919604408583 1.6463085330622989 0.0 0.0 0.0 0.0 0.0 0.0 0.0 0.0 0.0 0.0 0.0 0.0 0.0 0.0 0.0 0.0 0.0 0.0 0.0 0.0 0.0 1.5860734703851047 1.58607113811601 1.5860688712865674
1.6488195720332253 1.6487536997803591 1.6486226187347193 1.6484277181488642 1.6481712435697662 1.6478565070490092 1.6474881938083046 1.6470727858091407 1.6466191222062376 1.6461391055778376 1.6456485269494032 1.6451678945606591 1.6447229681075493 1.6443443822754422 1.6440653411988393 1.643916243783659 0.0 0.0 0.0 0.0 0.0 0.0 0.0 0.0 0.0 0.0 0.0 0.0 0.0 0.0 0.0 0.0 0.0 0.0 0.0 0.0 0.0 1.578745015399677 1.5787462947348765 1.5787475326514873
1.6483217981032767 1.6482324862344202 1.6480545685162176 1.6477895326294225 1.647439808527637 1.6470090332535274 1.6465024502094727 1.6459274854454713 1.6452945559319538 1.644618171678385 1.6439183776166904 1.643222497987032 1.6425668983701296 1.6419978968488071 1.6415698572572255 1.6413371454683503 0.0 0.0 0.0 0.0 0.0 0.0 0.0 0.0 0.0 0.0 0.0 0.0 0.0 0.0 0.0 0.0 0.0 0.0 0.0 0.0 0.0 1.571726076282318 1.571732350136755 1.5717383497408923
1.6478184444166306 1.6477060149626315 1.6474818131236932 1.6471472324965148 1.6467045739695882 1.6461573329206556 1.6455106445318806 1.6447719513591292 1.643951989021133 1.6430662293445903 1.64213696988324 1.641196277864572 1.6402898552719845 1.6394812203085265 1.6388535470561656 1.6385018082688207 0.0 0.0 0.0 0.0 0.0 0.0 0.0 0.0 0.0 0.0 0.0 0.0 0.0 0.0 0.0 0.0 0.0 0.0 0.0 0.0 0.0 1.5650522099053479 1.5650701275284327 1.5650867097345225
1.6473233741642774 1.6471885013545084 1.6469192668234016 1.6465167638298541 1.6459828223844704 1.6453202741629067 1.6445333739583254 1.6436284535041865 1.6426149331862547 1.6415069044360548 1.6403256485325686 1.639103708640223 1.6378914639340854 1.6367672459494054 1.6358502995373077 1.635306593223506 0.0 0.0 0.0 0.0 0.0 0.0 0.0 0.0 0.0 0.0 0.0 0.0 0.0 0.0 0.0 0.0 0.0 0.0 0.0 0.0 0.0 1.5587475404506734 1.558796571683716 1.5588391788840574
1.6468506215406273 1.6466944119013134 1.6463822681774192 1.6459147912947711 1.6452930175376184 1.6445186111669343 1.6435941789140627 1.6425237731230977 1.6413137018330146 1.6399738690106394 1.6385200930426287 1.6369783499289274 1.6353930082300498 1.6338435590178644 1.6324786660545676 1.6315765642723434 0.0 0.0 0.0 0.0 0.0 0.0 0.0 0.0 0.0 0.0 0.0 0.0 0.0 0.0 0.0 0.0 0.0 0.0 0.0 0.0 0.0 1.5528123662027602 1.5529484374027145 1.5530536504722448
1.6464140119150015 1.6462380724396775 1.6458861650330725 1.6453582504508044 1.6446543197977816 1.643774471250942 1.6427190425156533 1.6414888320808052 1.6400854680426016 1.6385120416084247 1.6367742668079022 1.634882820705263 1.6328587215678807 1.6307477933010794 1.6286666424356726 1.6269727066778243 0.0 0.0 0.0 0.0 0.0 0.0 0.0 0.0 0.0 0.0 0.0 0.0 0.0 0.0 0.0 0.0 0.0 0.0 0.0 0.0 0.0 1.547187431228807 1.5475783727319306 1.5478212419954396
1.6460267135737865 1.645833194044731 1.6454457865479697 1.6448637334084653 1.644085846041892 1.643110441039261 1.6419352487211023 1.6405572802227386 1.6389726214514377 1.6371760835868518 1.635160543000935 1.6329155242854048 1.6304236727331742 1.6276504766156876 1.6245093994658542 1.6207265299465101 1.6152552320431584 0.0 0.0 0.0 0.0 0.0 0.0 0.0 0.0 0.0 0.0 0.0 0.0 0.0 0.0 0.0 0.0 0.0 0.0 0.0 1.5388126103508064 1.541643483447625 1.5428293973973248 1.5433055511619942
1.645700745421546 1.6454923434249897 1.645074834204847 1.6444467476840285 1.6436057240739341 1.642548310072295 1.641269648668559 1.6397630104078424 1.638019067401434 1.6360247166669548 1.633761048461741 1.6311995481982315 1.6282943464176969 1.6249651116585113 1.6210574663735313 1.6162530120128928 1.6099003887645489 1.6009870672309712 1.593234967927554 1.586113648232286 1.5794455679966073 1.5731781601753152 1.5673061359921552 1.5618420617859954 1.55680434063645 1.5522121568817022 1.5480834347418917 1.5444341758206575 1.5412784745041725 1.5386289531129405 1.536497642381972 1.5348976451436696 1.5338464926235835 1.5333734569527875 1.5335367622120522 1.5344678220307444 1.5364974453462676 1.5382440612236759 1.539287591204779 1.539763511375596
1.6454464761028542 1.6452263983668336 1.644785243740233 1.6441209207603469 1.6432300497705128 1.64210764241827 1.6407466164508147 1.6391370772482081 1.6372652514504136 1.6351118797451805 1.6326497345755566 1.6298396645377504 1.6266241013063594 1.6229163706083756 1.618584587013002 1.6134364533208718 1.6072492569472585 1.6000208732814247 1.5928472535526592 1.585946981791131 1.5793706732448876 1.5731435808458312 1.5672899002629188 1.5618343366275733 1.5568005801206497 1.5522101845302938 1.548082117097547 1.5444327527827184 1.5412761151725705 1.538624263755697 1.5364878165702698 1.534876676143347 1.533801073549841 1.533272857050977 1.533305449830692 1.5339029893576013 1.5349913495621381 1.5360673054840757 1.536831164054755 1.5372149464886447
1.6452721561123713 1.6450440362481165 1.6445865806281266 1.6438972401714194 1.6429718862909872 1.6418044098821527 1.6403861217878293 1.638704887450166 1.6367439006411273 1.6344799747060454 1.6318812218261454 1.6289040495525924 1.6254896678823791 1.6215611688271867 1.6170247868465375 1.6117855504103902 1.605800843926253 1.5992038421570414 1.5924334204526827 1.5857449104083179 1.579273316347601 1.5730968880409988 1.5672675161320047 1.5618235633510156 1.5567953022131487 1.5522074062684372 1.5480802579625168 1.544430746510116 1.5412727993266242 1.5386177098881098 1.5364742171255168 1.5348481580732747 1.5337412439525513 1.5331478660947058 1.5330472765326724 1.5333850335107857 1.534033058060785 1.5347360104569685 1.535287560620114 1.5355829070894103
1.6451835243113466 1.6449513031052065 1.6444855300132817 1.6437834138700007 1.6428404308804851 1.6416498833665985 1.6402022457981145 1.6384842365654777 1.636477541894384 1.6341571310641947 1.6314891833606517 1.6284288899140908 1.6249189810395097 1.6208910766378344 1.616274225218661 1.6110179870365975 1.6051374870675237 1.5987717093219214 1.5921892759263208 1.5856168559044812 1.5792088090063698 1.5730651036273513 1.5672520324910706 1.5618160406084427 1.5567915962975394 1.5522054491063977 1.5480789462646674 1.5444293320152038 1.541270468201147 1.5386131247309385 1.536464779411714 1.5348286347749656 1.5337012085165607 1.533067309698918 1.5328905809464743 1.533098001211286 1.5335614644264126 1.5340980078905022 1.5345425000979351 1.534788912902275
0.0 0.0 0.0 0.0 0.0 0.0 0.0 0.0 0.0 0.0 0.0 0.0 0.0 0.0 0.0 0.0 0.0 0.0 0.0 0.0 0.0 0.0 0.0 0.0 0.0 0.0 0.0 0.0 0.0 0.0 0.0 0.0 0.0 0.0 0.0 0.0 0.0 0.0 0.0 0.0
0.0 0.0 0.0 0.0 0.0 0.0 0.0 0.0 0.0 0.0 0.0 0.0 0.0 0.0 0.0 0.0 0.0 0.0 0.0 0.0 0.0 0.0 0.0 0.0 0.0 0.0 0.0 0.0 0.0 0.0 0.0 0.0 0.0 0.0 0.0 0.0 0.0 0.0 0.0 0.0
0.0 0.0 0.0 0.0 0.0 0.0 0.0 0.0 0.0 0.0 0.0 0.0 0.0 0.0 0.0 0.0 0.0 0.0 0.0 0.0 0.0 0.0 0.0 0.0 0.0 0.0 0.0 0.0 0.0 0.0 0.0 0.0 0.0 0.0 0.0 0.0 0.0 0.0 0.0 0.0
0.0 0.0 0.0 0.0 0.0 0.0 0.0 0.0 0.0 0.0 0.0 0.0 0.0 0.0 0.0 0.0 0.0 0.0 0.0 0.0 0.0 0.0 0.0 0.0 0.0 0.0 0.0 0.0 0.0 0.0 0.0 0.0 0.0 0.0 0.0 0.0 0.0 0.0 0.0 0.0
0.0 0.0 0.0 0.0 0.0 0.0 0.0 0.0 0.0 0.0 0.0 0.0 0.0 0.0 0.0 0.0 0.0 0.0 0.0 0.0 0.0 0.0 0.0 0.0 0.0 0.0 0.0 0.0 0.0 0.0 0.0 0.0 0.0 0.0 0.0 0.0 0.0 0.0 0.0 0.0
0.0 0.0 0.0 0.0 0.0 0.0 0.0 0.0 0.0 0.0 0.0 0.0 0.0 0.0 0.0 0.0 0.0 0.0 0.0 0.0 0.0 0.0 0.0 0.0 0.0 0.0 0.0 0.0 0.0 0.0 0.0 0.0 0.0 0.0 0.0 0.0 0.0 0.0 0.0 0.0
0.0 0.0 0.0 0.0 0.0 0.0 0.0 0.0 0.0 0.0 0.0 0.0 0.0 0.0 0.0 0.0 0.0 0.0 0.0 0.0 0.0 0.0 0.0 0.0 0.0 0.0 0.0 0.0 0.0 0.0 0.0 0.0 0.0 0.0 0.0 0.0 0.0 0.0 0.0 0.0
0.0 0.0 0.0 0.0 0.0 0.0 0.0 0.0 0.0 0.0 0.0 0.0 0.0 0.0 0.0 0.0 0.0 0.0 0.0 0.0 0.0 0.0 0.0 0.0 0.0 0.0 0.0 0.0 0.0 0.0 0.0 0.0 0.0 0.0 0.0 0.0 0.0 0.0 0.0 0.0
0.0 0.0 0.0 0.0 0.0 0.0 0.0 0.0 0.0 0.0 0.0 0.0 0.0 0.0 0.0 0.0 0.0 0.0 0.0 0.0 0.0 0.0 0.0 0.0 0.0 0.0 0.0 0.0 0.0 0.0 0.0 0.0 0.0 0.0 0.0 0.0 0.0 0.0 0.0 0.0
0.0 0.0 0.0 0.0 0.0 0.0 0.0 0.0 0.0 0.0 0.0 0.0 0.0 0.0 0.0 0.0 0.0 0.0 0.0 0.0 0.0 0.0 0.0 0.0 0.0 0.0 0.0 0.0 0.0 0.0 0.0 0.0 0.0 0.0 0.0 0.0 0.0 0.0 0.0 0.0
