1.3643321942879003
0.0 2.865494133676655 2.8656562953211746 2.8659250959584983 2.866283377540332 2.8667221815982034 2.867231352051654 2.8677955216310687 2.868391910224555 2.8689893475340535 2.86954879380716 2.870025902836649 2.8703760974868278 2.870562041319499 0.0 0.0 0.0 0.0 0.0 0.0 0.0 0.0 0.0 0.0 0.0 0.0 0.0 0.0 0.0 0.0 0.0 0.0 0.0 0.0 0.0 0.0 3.146655333280206 3.146655332963568 3.1466553325157762 3.146655332199141
2.8650238856192 2.8652343228891133 2.865461898140364 2.8657652435748364 2.8661554281227413 2.8666309650788664 2.867183759682513 2.867798761919681 2.868452487021123 2.869111892399573 2.8697344419120925 2.8702702175022314 2.870667042849687 2.870879268698266 0.0 0.0 0.0 0.0 0.0 0.0 0.0 0.0 0.0 0.0 0.0 0.0 0.0 0.0 0.0 0.0 0.0 0.0 0.0 0.0 0.0 0.0 3.146294085931862 3.146294085425188 3.1462940847086474 3.14629408420198
2.8647147161489013 2.8648632952168342 2.865108822719098 2.8654530488335475 2.8658989647313673 2.8664449009930157 2.8670833097436565 2.8677991088177732 2.868567606904471 2.8693525530030137 2.8701049879341554 2.8707639691334363 2.871261019804838 2.8715309922861443 0.0 0.0 0.0 0.0 0.0 0.0 0.0 0.0 0.0 0.0 0.0 0.0 0.0 0.0 0.0 0.0 0.0 0.0 0.0 0.0 0.0 0.0 3.145572179059554 3.1455721780586 3.1455721766430544 3.1455721756421253
2.8641681057223654 2.8643120240337243 2.864585155149982 2.8649840217586093 2.8655082672417795 2.8661556624499522 2.8669190791592745 2.8677837191314723 2.868724099860417 2.869700777088511 2.870657047809547 2.871516496044052 2.872184013130325 2.872556846853243 0.0 0.0 0.0 0.0 0.0 0.0 0.0 0.0 0.0 0.0 0.0 0.0 0.0 0.0 0.0 0.0 0.0 0.0 0.0 0.0 0.0 0.0 3.1444905729593353 3.144490570862966 3.1444905678983193 3.144490565802044
2.8634074373913614 2.8635668893953103 2.8638818558001518 2.8643510269770562 2.8649744778926802 2.8657508698072807 2.8666745181586144 2.8677322169530117 2.8688995229582344 2.870136118920327 2.871379691401498 2.8725377943670374 2.8734788924792993 2.8740321618120004 0.0 0.0 0.0 0.0 0.0 0.0 0.0 0.0 0.0 0.0 0.0 0.0 0.0 0.0 0.0 0.0 0.0 0.0 0.0 0.0 0.0 0.0 3.1430501844868357 3.1430501800366115 3.143050173743293 3.1430501692934207
2.86244453209206 2.862628399302913 2.8629959986336595 2.8635485756055195 2.8642881475484505 2.8652155921201796 2.8663280911571407 2.8676160553527983 2.8690593181305326 2.870621946746707 2.8722440742930493 2.8738271457330793 2.875205641621172 2.8760994893524616 0.0 0.0 0.0 0.0 0.0 0.0 0.0 0.0 0.0 0.0 0.0 0.0 0.0 0.0 0.0 0.0 0.0 0.0 0.0 0.0 0.0 0.0 3.141251299452027 3.1412512899792935 3.1412512765837497 3.1412512671123207
2.861290979211977 2.861503538561458 2.861930332685147 2.86257482610214 2.8634415308953356 2.864534437451536 2.86585487333265 2.867398943323842 2.869154516478489 2.8710973368989032 2.873184714980695 2.875341510628836 2.8774190329242595 2.8790488053858296 0.0 0.0 0.0 0.0 0.0 0.0 0.0 0.0 0.0 0.0 0.0 0.0 0.0 0.0 0.0 0.0 0.0 0.0 0.0 0.0 0.0 0.0 3.1390928548600323 3.1390928346936184 3.139092806177443 3.1390927860158784
2.8599627576397277 2.8602055327521745 2.860693937788977 2.8614333919502095 2.8624310470404604 2.863694420946062 2.8652296776945665 2.86703980958363 2.8691230538957435 2.871472071427549 2.874075041269236 2.8769221716333107 2.8800308883727896 2.8835468319875908 2.888186574012297 0.0 0.0 0.0 0.0 0.0 0.0 0.0 0.0 0.0 0.0 0.0 0.0 0.0 0.0 0.0 0.0 0.0 0.0 0.0 0.0 0.0 3.1365716432212825 3.136571600314732 3.1365715396485 3.136571496759962
2.858482861331657 2.858755198228389 2.8593036523823416 2.860135377577239 2.8612600487641755 2.862688633762669 2.864431991348934 2.866499639008383 2.868899251282075 2.8716379027334926 2.874727147211176 2.8781967333272958 2.8821284722508045 2.8867361250968613 2.892529292263763 2.900455116387915 2.9072777844290725 2.9132706425629107 2.9184476661319643 2.9227397304543605 2.926057916152433 2.928320783812226 2.929468093339141 0.0 0.0 0.0 0.0 0.0 0.0 0.0 0.0 0.0 0.0 0.0 0.0 0.0 3.133681499436296 3.1336814082297906 3.133681279291891 3.1336811881522504
2.856883097083802 2.857182434724445 2.857785659048187 2.858701422373801 2.859941616839508 2.8615201974235385 2.863451900404853 2.8657511971359164 2.868432010808236 2.871509028689808 2.875001938917569 2.878944564744936 2.8834007539367654 2.888483067519414 2.8943388009859023 2.9009494547304864 2.9073089843915128 2.9131149151420885 2.9182075904544744 2.9224587949135845 2.9257566642098514 2.9280097231378965 2.9291530762407896 0.0 0.0 0.0 0.0 0.0 0.0 0.0 0.0 0.0 0.0 0.0 0.0 0.0 3.1304125365729645 3.13041234290521 3.1304120691946795 3.1304118757750983
2.8552052731861886 2.855527379912868 2.856176778309263 2.8571633658310374 2.8585008527567477 2.8602055418636594 2.8622949689444224 2.8647866689288053 2.8676974195118325 2.8710433814317073 2.874841499942443 2.8791120089367697 2.8838798773963066 2.8891671418091924 2.8949548081174203 2.9010794678561833 2.9071005251550797 2.9127112271516387 2.917696558330691 2.921890059842201 2.9251578356602423 2.9273961533288593 2.9285335693224592 0.0 0.0 0.0 0.0 0.0 0.0 0.0 0.0 0.0 0.0 0.0 0.0 0.0 3.1267505008516516 3.1267500900978766 3.126749509863714 3.1267491000310645
2.8535017480480955 2.8538409872458463 2.854525169368207 2.8555651982719157 2.856976214887283 2.8587762661290723 2.8609847434989835 2.8636207639551308 2.8667016682778765 2.8702417358452523 2.8742509538675174 2.878733017916264 2.8836803303786596 2.889061409021295 2.8947943892859223 2.900707685671042 2.9065274830920447 2.9119949415758155 2.9168908850144324 2.9210332730625765 2.9242741008234114 2.926499570046757 2.927632026846397 0.0 0.0 0.0 0.0 0.0 0.0 0.0 0.0 0.0 0.0 0.0 0.0 0.0 3.122676320528597 3.122675450327005 3.1226742221361365 3.1226733553541552
2.851835269713806 2.852184892430865 2.8528902663711397 2.853963110632162 2.855419697030829 2.8572793852240017 2.8595628290922193 2.862289956024209 2.865477781226427 2.8691380019362724 2.873274069640405 2.8778770102615137 2.8829186907961586 2.8883409300657563 2.89404024305412 2.8998540600013207 2.9055662891653355 2.910949870283558 2.9157919116829576 2.9199048785220643 2.923132370215693 2.925353195378879 2.9264846017515755 0.0 0.0 0.0 0.0 0.0 0.0 0.0 0.0 0.0 0.0 0.0 0.0 0.0 3.118165933600154 3.1181640916249567 3.118161495877494 3.118159666602013
2.850278067992109 2.8506305137547137 2.8513418929347853 2.8524246118794587 2.8538958904394027 2.8557761805961626 2.858087183269491 2.860849527922673 2.864080130387206 2.8677891375449596 2.8719761921174713 2.8766255343342597 2.881699339489275 2.8871290479561162 2.892805966056525 2.8985756560370795 2.904243926527223 2.909598006515713 2.9144277650863737 2.91854149160575 2.9217764353781974 2.924005627501696 2.9251422439434385 0.0 0.0 0.0 0.0 0.0 0.0 0.0 0.0 0.0 0.0 0.0 0.0 0.0 3.113190507784418 3.1131866099284347 3.113181132033416 3.113177281363581
2.8489102098724612 2.8492573992113943 2.8499585854860467 2.8510267924452717 2.8524801080497277 2.8543400281846356 2.8566293646420577 2.8593697766912225 2.862578943527903 2.8662673100698357 2.8704342115375368 2.8750630482389554 2.880115155794864 2.8855223476053586 2.8911791695237827 2.8969378954349088 2.90261128782567 2.9079869396096534 2.9128493123210757 2.916999226849667 2.9202671062506234 2.922520898060838 2.923670573764177 0.0 0.0 0.0 0.0 0.0 0.0 0.0 0.0 0.0 0.0 0.0 0.0 0.0 3.1077172402784803 3.107708985223128 3.107697440788513 3.107689361143976
2.84781727508312 2.8481508851724624 2.848825212297267 2.8498538666054785 2.851255786846296 2.8530535559300603 2.855271285513618 2.857932149047021 2.8610556169859653 2.8646543849539756 2.868730875303744 2.873273034017866 2.8782489708990346 2.8835999262221206 2.8892314338532694 2.895004136063498 2.900729511569212 2.906180863415566 2.9111256334944664 2.9153515007306643 2.9186807726538215 2.9209770840188907 2.922148396674098 0.0 0.0 0.0 0.0 0.0 0.0 0.0 0.0 0.0 0.0 0.0 0.0 0.0 3.101711103511758 3.101693572965433 3.1016692733213564 3.1016523951746184
2.8470874445950267 2.8473991662161455 2.848030004142544 2.848994139526028 2.8503113610390356 2.852005387248744 2.8541017907259865 2.8566256421268172 2.8595989927600076 2.863038283388801 2.866951676979531 2.8713361054735107 2.876173388844745 2.881423998058203 2.887015997808234 2.8928268082264967 2.8986618218896147 2.9042556942467868 2.9093413249437354 2.913686992394448 2.9171071901987453 2.919463715284928 2.9206648607120953 0.0 0.0 0.0 0.0 0.0 0.0 0.0 0.0 0.0 0.0 0.0 0.0 0.0 3.095138319094595 3.0951008681343883 3.0950497824696233 3.0950147590216153
2.8468081203061475 2.8470898971663905 2.847661123561007 2.8485365348058442 2.8497367515902297 2.851286620408564 2.8532131977607764 2.855543544226905 2.85830253231787 2.8615109003167682 2.8651837742897017 2.8693297388131636 2.873950000786667 2.879035619231811 2.88455698111076 2.890433174268395 2.896468571454593 2.902299555521147 2.9075972623236774 2.9121086871147575 2.915646803561668 2.9180779798555223 2.919315148610778 0.0 0.0 0.0 0.0 0.0 0.0 0.0 0.0 0.0 0.0 0.0 0.0 0.0 3.0879733140477423 3.08789238651764 3.087785168791338 3.087713277001426
2.8470622122261915 2.8473064620711273 2.847802902999234 2.84856680240757 2.8496195701515057 2.8509871004534677 2.8526977852929236 2.8547804058719035 2.8572621880154134 2.8601674198134908 2.863517190595255 2.867331002634006 2.871631032949182 2.876448722333795 2.881827480525293 2.8877934456489944 2.8942094741656073 2.9004237474878045 2.9060167803822776 2.9107340404601314 2.9144071188826937 2.9169192850683774 2.9181943783468474 0.0 0.0 0.0 0.0 0.0 0.0 0.0 0.0 0.0 0.0 0.0 0.0 0.0 3.08021329216079 3.080034795377059 3.079810540473467 3.079665685883749
2.84792424421785 2.8481240564852452 2.848531886508224 2.849163517825252 2.8500411036093776 2.8511914722197376 2.852644096042878 2.8544289416463506 2.856574520591697 2.8591066345584526 2.8620486477498823 2.865424836731896 2.8692699232300187 2.873650981016603 2.878711296512115 2.88472824361843 2.8919783029113577 2.8987973142002637 2.904758259707631 2.9096940345511983 2.913496289263062 2.916081242530488 2.917389296909751 0.0 0.0 0.0 0.0 0.0 0.0 0.0 0.0 0.0 0.0 0.0 0.0 0.0 3.071910895613394 3.0715031942386903 3.0710380910267103 3.0707556740480144
2.8494564436769556 2.849605743090321 2.8499128215713414 2.8503939911628566 2.851072143912777 2.8519749795451923 2.853132844502823 2.8545763686354113 2.856334163288772 2.8584309791693836 2.8608870119118754 2.8637198013472753 2.866952524243816 2.870640898347083 2.87496464192745 2.880577041641407 2.89009621468041 2.8977258423307672 2.904025240172843 2.9091231273422746 2.9130103025953855 2.9156400833070553 2.9169678012908595 0.0 0.0 0.0 0.0 0.0 0.0 0.0 0.0 0.0 0.0 0.0 0.0 0.0 3.0632542764404525 3.062269310105874 3.06132566095781 3.0608073479385967
2.851704995041385 2.8517986574497565 2.8519947693898895 2.852310234957244 2.8527687697416266 2.85339902807337 2.854232261049673 2.855299628000631 2.856629298303557 2.858243469233746 2.860155337732141 2.86236571179616 2.8648575727720926 2.8675811763823766 2.870396673386955 2.8728200033775355 0.0 0.0 0.0 0.0 0.0 0.0 0.0 0.0 0.0 0.0 0.0 0.0 0.0 0.0 0.0 0.0 0.0 0.0 0.0 0.0 3.054786280157345 3.052202458682346 3.0504000948394405 3.049554843495551
2.854696649358524 2.8547305577045714 2.8548075298859983 2.854945188332265 2.8551682724856846 2.8555066779139673 2.855992949244302 2.8566592890217546 2.8575341080863104 2.858638033513828 2.8599790106393037 2.8615454413784374 2.8632945820938467 2.865129307919084 2.8668479671808456 2.868046559884384 0.0 0.0 0.0 0.0 0.0 0.0 0.0 0.0 0.0 0.0 0.0 0.0 0.0 0.0 0.0 0.0 0.0 0.0 0.0 0.0 3.0480809629712775 3.040543169303888 3.0377113290547118 3.036652825314777
2.858435887489065 2.858406922729615 2.85835860136203 2.8583094450127255 2.8582855211206395 2.8583184406625755 2.8584427652985185 2.858692853832174 2.859099129027005 2.8596836348757266 2.8604545324448662 2.8613987764974667 2.8624715883822933 2.8635808559764007 2.86456654594484 2.8651888371088856 0.0 0.0 0.0 0.0 0.0 0.0 0.0 0.0 0.0 0.0 0.0 0.0 0.0 0.0 0.0 0.0 0.0 0.0 0.0 0.0 0.0 3.0233668367815154 3.022440071462387 3.0218831474020824
2.8629028273069217 2.862808799743443 2.862630900187645 2.8623887565469746 2.862110122152053 2.8618288994504915 2.8615825733059372 2.8614090816693665 2.8613431174330244 2.8614117926151152 2.861629508115885 2.8619918033290688 2.862468089417062 2.8629940534714575 2.863467536472753 2.8637591102529805 0.0 0.0 0.0 0.0 0.0 0.0 0.0 0.0 0.0 0.0 0.0 0.0 0.0 0.0 0.0 0.0 0.0 0.0 0.0 0.0 0.0 3.006320148552174 3.005999104684158 3.005755133057979
2.8680520415945217 2.8678915790301422 2.8675814430643647 2.8671425592818656 2.866604704800886 2.8660046283665275 2.865383621214459 2.8647845823202256 2.864248608226122 2.863811119627058 2.863497539164665 2.863318624837598 2.863265894845615 2.8633084387500007 2.863394133658186 2.8634605719607378 0.0 0.0 0.0 0.0 0.0 0.0 0.0 0.0 0.0 0.0 0.0 0.0 0.0 0.0 0.0 0.0 0.0 0.0 0.0 0.0 0.0 2.9888162471058592 2.988700997152372 2.988601797897707
2.8738124128294387 2.87358482998316 2.873141143638383 2.8725037070901625 2.8717045607547345 2.8707837085258534 2.869786916296338 2.8687630980283094 2.8677613543726115 2.866827729441985 2.8660017743905146 2.8653130981563564 2.864778326004165 2.8643993672329837 2.864164585845049 2.86405484401804 0.0 0.0 0.0 0.0 0.0 0.0 0.0 0.0 0.0 0.0 0.0 0.0 0.0 0.0 0.0 0.0 0.0 0.0 0.0 0.0 0.0 2.970682878468547 2.970641185999519 2.9706028319786535
2.8800880967745073 2.8797932736595175 2.8792158051908174 2.8783795006510915 2.877318737273621 2.876076934281928 2.8747046399393796 2.873257319665016 2.8717929369929505 2.870369415265064 2.8690420629243425 2.867861054806138 2.8668691134229882 2.866099657370209 2.8655758629310877 2.8653111511430818 0.0 0.0 0.0 0.0 0.0 0.0 0.0 0.0 0.0 0.0 0.0 0.0 0.0 0.0 0.0 0.0 0.0 0.0 0.0 0.0 0.0 2.951898600182838 2.9518849478079887 2.951871977305448
2.886760603841086 2.8863988991901164 2.8856883126526482 2.8846540075372045 2.8833325581514475 2.881770640297001 2.8800234365275332 2.8781528697302057 2.8762257838373806 2.874312173950871 2.8724835170016143 2.8708111510341108 2.8693644823682414 2.868208581223044 2.8674005649282868 2.866984351166903 0.0 0.0 0.0 0.0 0.0 0.0 0.0 0.0 0.0 0.0 0.0 0.0 0.0 0.0 0.0 0.0 0.0 0.0 0.0 0.0 0.0 2.9325084373053723 2.9325081952581598 2.932508034069723
2.8936919412321584 2.8932641613042107 2.8924219487559446 2.891191576599288 2.8896114418563066 2.8877309652453658 2.8856093100317524 2.883314066758306 2.8809200643331776 2.878508450067442 2.8761660991160043 2.873985210335377 2.872062541121575 2.870497072640098 2.8693841200218855 2.8688037562486786 0.0 0.0 0.0 0.0 0.0 0.0 0.0 0.0 0.0 0.0 0.0 0.0 0.0 0.0 0.0 0.0 0.0 0.0 0.0 0.0 0.0 2.9125942620557463 2.9126068372196308 2.9126191385918747
2.900728695210136 2.900236129404887 2.899264686193188 2.8978413689996456 2.8960057975072315 2.893809279502651 2.8913137971233187 2.8885910970869917 2.8857221120682834 2.8827969519621823 2.879915645247639 2.8771895848939013 2.8747430520619357 2.87271295946138 2.871242840877552 2.8704648044099232 0.0 0.0 0.0 0.0 0.0 0.0 0.0 0.0 0.0 0.0 0.0 0.0 0.0 0.0 0.0 0.0 0.0 0.0 0.0 0.0 0.0 2.892260822189453 2.892298642015275 2.8923350197483897
2.907706876389205 2.9071513998755445 2.9060542442878488 2.9044426582224525 2.902356701717237 2.8998484210243887 2.896981005763494 2.8938281643182733 2.8904740311781283 2.8870140024084496 2.8835569535312864 2.8802292309064534 2.877180349127807 2.8745887819179887 2.872662134977114 2.871617423101705 0.0 0.0 0.0 0.0 0.0 0.0 0.0 0.0 0.0 0.0 0.0 0.0 0.0 0.0 0.0 0.0 0.0 0.0 0.0 0.0 0.0 2.871621635593682 2.871723069692228 2.871817599984692
2.9144573063935844 2.9138415373507187 2.912623649532541 2.9108305962554817 2.90850199363583 2.905689299850589 2.9024549947397222 2.8988720280257514 2.8950239258477213 2.8910061232894724 2.88692935449939 2.8829262976138046 2.879163029809514 2.8758564896485455 2.8732950530705232 2.871841340570814 0.0 0.0 0.0 0.0 0.0 0.0 0.0 0.0 0.0 0.0 0.0 0.0 0.0 0.0 0.0 0.0 0.0 0.0 0.0 0.0 0.0 2.8507710755194227 2.8510423602450365 2.851280713958165
2.9208112958240093 2.9201387823470646 2.9188070104081594 2.9168421109755354 2.9142823831963387 2.911177363369221 2.9075868430467304 2.903580099951814 2.899235745123549 2.8946428267359994 2.889904271664087 2.8851446329144785 2.8805259888272343 2.87627971653968 2.8727680425091484 2.870585215405338 0.0 0.0 0.0 0.0 0.0 0.0 0.0 0.0 0.0 0.0 0.0 0.0 0.0 0.0 0.0 0.0 0.0 0.0 0.0 0.0 0.0 2.8297142191850897 2.830454419714423 2.831037504393781
2.926606354354431 2.9258817558738865 2.924445214290554 2.922321601467767 2.9195471690867887 2.916168399802795 2.9122406847405173 2.9078270363084204 2.9029971510775163 2.8978273174380877 2.8924020176483167 2.886818910153893 2.8812012437481127 2.8757295600666346 2.870733544922375 2.8670034055886515 0.0 0.0 0.0 0.0 0.0 0.0 0.0 0.0 0.0 0.0 0.0 0.0 0.0 0.0 0.0 0.0 0.0 0.0 0.0 0.0 0.0 2.8081725269141304 2.8102660845156486 2.811609689521262
2.9316916846959025 2.930920907766848 2.9293912811786926 2.9271261417562555 2.924159228783093 2.9205332447980465 2.916298071801913 2.911508762003449 2.9062234515995224 2.9005013571078617 2.894400953612954 2.887978138194582 2.8812830909314306 2.874350473314921 2.8671608789941723 2.8594759383465314 2.850085086618091 0.0 0.0 0.0 0.0 0.0 0.0 0.0 0.0 0.0 0.0 0.0 0.0 0.0 0.0 0.0 0.0 0.0 0.0 0.0 2.771433766395545 2.7849996559166095 2.791257494615504 2.7939337960508963
2.9359332404766922 2.9351234914564452 2.9335151619176183 2.9311299864808995 2.9279990763500883 2.924161171216109 2.919660369715461 2.914543372275249 2.9088562362793087 2.9026405280817396 2.8959284256419284 2.8887354325386116 2.8810470031635056 2.8727891547877924 2.863756850278302 2.8534337029779366 2.8405601842074577 2.822347460802422 2.805857310202512 2.7904063665965757 2.7758757828290346 2.7623421286232173 2.749950431176019 2.738863955540253 2.7292411469392968 2.721223443474326 2.7149281702165595 2.710444365082115 2.7078308087979064 2.7071162676354885 2.708302660027412 2.7113730623958814 2.7163091414391984 2.7231292535406175 2.731976739053113 2.7433438571995112 2.7587068246249493 2.7698280129322748 2.7764400106406177 2.7795046112591097
2.9392181677798166 2.938377895842878 2.936707835490448 2.9342282747364155 2.930967952725412 2.926962038608569 2.9222494444756832 2.916869455659597 2.910857613182176 2.9042406661078592 2.8970301403736234 2.8892134726000536 2.8807404466422217 2.8715006256404103 2.8612857528499145 2.8497386887763665 2.836350520102215 2.8208459568291824 2.8052676696275665 2.790158075119012 2.775766420086543 2.7622926282319376 2.7499276120025034 2.7388531878401494 2.7292357082243206 2.721220004949332 2.7149246742435413 2.7104387633754925 2.707819838330839 2.707093499704389 2.7082545700775724 2.711270399723621 2.7160868698028873 2.722636596347381 2.7308408689287207 2.7405554357443878 2.7512136817923727 2.760007946920927 2.7659174429450526 2.768841551137983
2.941458493354344 2.9405972143994297 2.93888462348323 2.9363399183560093 2.9329900530628565 2.9288675188691498 2.924007365038743 2.9184434275469595 2.912203706876892 2.905304794340559 2.8977451906153404 2.889497326718712 2.8804982695211923 2.8706401393188905 2.8597652317719087 2.8476829789023026 2.834255602355311 2.8196406400637244 2.8046574907314303 2.7898625747046646 2.775625834854381 2.7622262351776543 2.749896277076253 2.738838204819583 2.729228081560958 2.7212151611156554 2.7149197421904696 2.71043087071649 2.7078044300009947 2.707061701407119 2.7081880827696465 2.7111310473048618 2.715795133478461 2.72202863993285 2.7295890786257155 2.7380577413859304 2.7466539620769757 2.7540082127202474 2.759223865584392 2.761899740220116
2.9425939624908932 2.941721973620844 2.9399876857321323 2.93740971195229 2.9340140504996004 2.929831763084933 2.9248958488594243 2.9192372828578366 2.9128801842663226 2.905836103015721 2.8980975175732784 2.889630961731747 2.8803710743998483 2.870218977264324 2.8590527983201905 2.846765339564781 2.833348855731593 2.8190248980610604 2.804305195576825 2.7896778455267217 2.7755334877564097 2.76218128846836 2.7498746761965234 2.7388277631007982 2.7292227306692878 2.7212117486435647 2.7149162628260677 2.7104253093466286 2.707793603833475 2.7070394686937886 2.70814198357815 2.7110357919962578 2.715600428116829 2.721638579888632 2.7288350701603834 2.7366905245952853 2.7444495547148726 2.7511381418345846 2.7559738977186283 2.7584924889550284
0.0 0.0 0.0 0.0 0.0 0.0 0.0 0.0 0.0 0.0 0.0 0.0 0.0 0.0 0.0 0.0 0.0 0.0 0.0 0.0 0.0 0.0 0.0 0.0 0.0 0.0 0.0 0.0 0.0 0.0 0.0 0.0 0.0 0.0 0.0 0.0 0.0 0.0 0.0 0.0
0.0 0.0 0.0 0.0 0.0 0.0 0.0 0.0 0.0 0.0 0.0 0.0 0.0 0.0 0.0 0.0 0.0 0.0 0.0 0.0 0.0 0.0 0.0 0.0 0.0 0.0 0.0 0.0 0.0 0.0 0.0 0.0 0.0 0.0 0.0 0.0 0.0 0.0 0.0 0.0
0.0 0.0 0.0 0.0 0.0 0.0 0.0 0.0 0.0 0.0 0.0 0.0 0.0 0.0 0.0 0.0 0.0 0.0 0.0 0.0 0.0 0.0 0.0 0.0 0.0 0.0 0.0 0.0 0.0 0.0 0.0 0.0 0.0 0.0 0.0 0.0 0.0 0.0 0.0 0.0
0.0 0.0 0.0 0.0 0.0 0.0 0.0 0.0 0.0 0.0 0.0 0.0 0.0 0.0 0.0 0.0 0.0 0.0 0.0 0.0 0.0 0.0 0.0 0.0 0.0 0.0 0.0 0.0 0.0 0.0 0.0 0.0 0.0 0.0 0.0 0.0 0.0 0.0 0.0 0.0
0.0 0.0 0.0 0.0 0.0 0.0 0.0 0.0 0.0 0.0 0.0 0.0 0.0 0.0 0.0 0.0 0.0 0.0 0.0 0.0 0.0 0.0 0.0 0.0 0.0 0.0 0.0 0.0 0.0 0.0 0.0 0.0 0.0 0.0 0.0 0.0 0.0 0.0 0.0 0.0
0.0 0.0 0.0 0.0 0.0 0.0 0.0 0.0 0.0 0.0 0.0 0.0 0.0 0.0 0.0 0.0 0.0 0.0 0.0 0.0 0.0 0.0 0.0 0.0 0.0 0.0 0.0 0.0 0.0 0.0 0.0 0.0 0.0 0.0 0.0 0.0 0.0 0.0 0.0 0.0
0.0 0.0 0.0 0.0 0.0 0.0 0.0 0.0 0.0 0.0 0.0 0.0 0.0 0.0 0.0 0.0 0.0 0.0 0.0 0.0 0.0 0.0 0.0 0.0 0.0 0.0 0.0 0.0 0.0 0.0 0.0 0.0 0.0 0.0 0.0 0.0 0.0 0.0 0.0 0.0
0.0 0.0 0.0 0.0 0.0 0.0 0.0 0.0 0.0 0.0 0.0 0.0 0.0 0.0 0.0 0.0 0.0 0.0 0.0 0.0 0.0 0.0 0.0 0.0 0.0 0.0 0.0 0.0 0.0 0.0 0.0 0.0 0.0 0.0 0.0 0.0 0.0 0.0 0.0 0.0
0.0 0.0 0.0 0.0 0.0 0.0 0.0 0.0 0.0 0.0 0.0 0.0 0.0 0.0 0.0 0.0 0.0 0.0 0.0 0.0 0.0 0.0 0.0 0.0 0.0 0.0 0.0 0.0 0.0 0.0 0.0 0.0 0.0 0.0 0.0 0.0 0.0 0.0 0.0 0.0
0.0 0.0 0.0 0.0 0.0 0.0 0.0 0.0 0.0 0.0 0.0 0.0 0.0 0.0 0.0 0.0 0.0 0.0 0.0 0.0 0.0 0.0 0.0 0.0 0.0 0.0 0.0 0.0 0.0 0.0 0.0 0.0 0.0 0.0 0.0 0.0 0.0 0.0 0.0 0.0
