1.126491848104212
0.0 2.3666139973495595 2.3668253485954454 2.3671977103955375 2.3677129547318483 2.3683594950384643 2.3691226163969814 2.369979201122207 2.3708942393788774 2.3718189720596303 2.372691363248305 2.373439950256304 2.373992015348367 2.3742860423776753 0.0 0.0 0.0 0.0 0.0 0.0 0.0 0.0 0.0 0.0 0.0 0.0 0.0 0.0 0.0 0.0 0.0 0.0 0.0 0.0 0.0 0.0 2.544265847110123 2.544265846663919 2.544265846032892 2.5442658455866902
2.3663645421137764 2.36653727420647 2.3668155647130393 2.367235124862411 2.367800366688831 2.3685062966300228 2.369340328817511 2.3702797518630647 2.371288597208587 2.3723152861651866 2.3732922026541416 2.3741386535992794 2.3747690077020516 2.375107370325496 0.0 0.0 0.0 0.0 0.0 0.0 0.0 0.0 0.0 0.0 0.0 0.0 0.0 0.0 0.0 0.0 0.0 0.0 0.0 0.0 0.0 0.0 2.5442262936958016 2.5442262929938666 2.544226292001186 2.544226291299259
2.3663201566367165 2.366492314365577 2.3668208064035086 2.3673122940227005 2.3679699490367225 2.3687908927756864 2.369764225844775 2.370867792104814 2.3720642944762087 2.3732975337253635 2.3744897951241093 2.375542205395866 2.3763414123099404 2.3767776525275535 0.0 0.0 0.0 0.0 0.0 0.0 0.0 0.0 0.0 0.0 0.0 0.0 0.0 0.0 0.0 0.0 0.0 0.0 0.0 0.0 0.0 0.0 2.5441347429645123 2.5441347416046893 2.544134739681628 2.5441347383218327
2.366243325252453 2.3664403183042695 2.366831482729359 2.367419709233567 2.3682077270793087 2.369194265222648 2.370370517593755 2.3717159121030207 2.373193005174579 2.37474156385334 2.3762721732336196 2.377660775552237 2.3787487896084953 2.3793607954302027 0.0 0.0 0.0 0.0 0.0 0.0 0.0 0.0 0.0 0.0 0.0 0.0 0.0 0.0 0.0 0.0 0.0 0.0 0.0 0.0 0.0 0.0 2.543966392713768 2.5439663899175673 2.5439663859632153 2.5439663831671173
2.366130583954724 2.3663644007012667 2.3668332299800494 2.36754097392309 2.368491913535621 2.369687489202569 2.3711224739272048 2.3727802318102387 2.37462664768698 2.3766020365079634 2.3786098795723083 2.380501168803934 2.382056093839409 2.382979996166845 0.0 0.0 0.0 0.0 0.0 0.0 0.0 0.0 0.0 0.0 0.0 0.0 0.0 0.0 0.0 0.0 0.0 0.0 0.0 0.0 0.0 0.0 2.543684294155033 2.543684288323483 2.543684280076698 2.5436842742455315
2.3659754865543285 2.3662530825100063 2.366811354621343 2.3676562583240672 2.3687949105914745 2.3702328461392597 2.3719704382529727 2.373998346837425 2.3762914970858415 2.3788003309468486 2.381436314523247 2.384044861404079 2.3863521955037417 2.387873294183191 0.0 0.0 0.0 0.0 0.0 0.0 0.0 0.0 0.0 0.0 0.0 0.0 0.0 0.0 0.0 0.0 0.0 0.0 0.0 0.0 0.0 0.0 2.5432397647400324 2.543239752543229 2.5432397352953493 2.543239723099965
2.3657726627384976 2.366097727966986 2.366752326297668 2.367744792803634 2.3690858170097395 2.370786123244965 2.372853488448316 2.3752891393182103 2.3780833440017544 2.381209390885762 2.384613206783075 2.388189120534104 2.391706099062399 2.394537367292866 0.0 0.0 0.0 0.0 0.0 0.0 0.0 0.0 0.0 0.0 0.0 0.0 0.0 0.0 0.0 0.0 0.0 0.0 0.0 0.0 0.0 0.0 2.5425731001618876 2.5425730746464086 2.5425730385658043 2.542573013055587
2.365520017392838 2.3658932669235226 2.3666454804528088 2.367787439420615 2.369333661473065 2.371300503553874 2.37370392804056 2.3765572634982943 2.379869474321888 2.383644914315027 2.387886963389518 2.3926130582080254 2.3979092586215334 2.4041437201746647 2.4128895921408353 0.0 0.0 0.0 0.0 0.0 0.0 0.0 0.0 0.0 0.0 0.0 0.0 0.0 0.0 0.0 0.0 0.0 0.0 0.0 0.0 0.0 2.541614691006205 2.541614637648955 2.5416145622042796 2.541614508866559
2.365220508557601 2.3656397497265322 2.3664850767707293 2.367769565376887 2.369511348081939 2.371732048164669 2.3744551349731196 2.377704723651231 2.3815057332880305 2.385887175750963 2.390892395907979 2.3966051170832685 2.4032120384118345 2.4111452823709194 2.421347262044699 2.4353053994166327 2.446943863512812 2.456946957388099 2.4654597866348458 2.4724442058879257 2.477805231671135 2.48144411924785 2.4832841959660357 0.0 0.0 0.0 0.0 0.0 0.0 0.0 0.0 0.0 0.0 0.0 0.0 0.0 2.5402866388995657 2.5402865273731168 2.5402863697025055 2.540286258248581
2.3648837139675605 2.3653440076531926 2.3662724071658467 2.367683949945518 2.3695998039434305 2.3720458485274523 2.3750512505502375 2.378647546610125 2.3828690485298383 2.3877559104146644 2.3933620387242516 2.3997709879102658 2.4071220103088993 2.4156355618313774 2.425565722239023 2.436797657376816 2.44744991375035 2.4570378307085923 2.4653515909015593 2.4722315027093753 2.4775352763952174 2.481143570630389 2.482970256387922 0.0 0.0 0.0 0.0 0.0 0.0 0.0 0.0 0.0 0.0 0.0 0.0 0.0 2.538504938412917 2.53850470538944 2.538504376036712 2.5385041432827116
2.364527086681827 2.365021060908649 2.3660175924763887 2.3675332547988823 2.369591501367373 2.3722211979719923 2.3754550528751115 2.37932830835738 2.3838781710433903 2.3891445309323087 2.3951723495081674 2.402015012938581 2.409734046122799 2.4183796054581186 2.427913192432483 2.438017492290956 2.44788889714406 2.45701109445812 2.465053032859351 2.471773814382331 2.4769851404915504 2.480542509658436 2.4823465855331963 0.0 0.0 0.0 0.0 0.0 0.0 0.0 0.0 0.0 0.0 0.0 0.0 0.0 2.5361822476856934 2.5361817608818837 2.536181073154475 2.5361805873524306
2.364176743061658 2.3646950309161574 2.36574076758365 2.367331646051947 2.3694926928917193 2.372254617480955 2.3756518755858074 2.3797206399377053 2.3844968381747376 2.3900142464189273 2.396302128819942 2.4033807105357097 2.4112502805013443 2.419865787292338 2.4290868400955956 2.4386091411815602 2.447954562388553 2.4566926690224116 2.4644777956087442 2.471034786970087 2.476146001939239 2.479646667237705 2.4814252297361556 0.0 0.0 0.0 0.0 0.0 0.0 0.0 0.0 0.0 0.0 0.0 0.0 0.0 2.5332312200746645 2.5332302029115032 2.53322876710567 2.5332277536679744
2.363867655276859 2.364399401803413 2.3654724767744053 2.3671053642104773 2.369324132574965 2.372160555623539 2.375649763342719 2.379827491113261 2.3847268998564926 2.3903747176738377 2.396786024731928 2.403956296976499 2.411848448055272 2.420372378314619 2.4293575868469066 2.438530820477256 2.4475313353129353 2.455990691038491 2.4635745253334242 2.469996512309824 2.475022805553256 2.478474705034794 2.480231214946771 0.0 0.0 0.0 0.0 0.0 0.0 0.0 0.0 0.0 0.0 0.0 0.0 0.0 2.5295683238841824 2.52956619707055 2.5295631993401084 2.529561086385025
2.3636431793731667 2.364176564061837 2.365253231830251 2.366892250971944 2.369120432313359 2.3719702526214466 2.3754771767879777 2.379676386662609 2.3845988238672557 2.3902662700324484 2.3966849150749487 2.4038365678797304 2.411666603966306 2.420068578519722 2.4288683018275807 2.4378158015088998 2.446598520755619 2.454879834020508 2.4623340018465267 2.4686693637977286 2.4736420305270976 2.4770638198885604 2.4788069825394796 0.0 0.0 0.0 0.0 0.0 0.0 0.0 0.0 0.0 0.0 0.0 0.0 0.0 2.5251180583559028 2.525113604954501 2.5251073445984202 2.525102942759277
2.363553910937167 2.3640766483787052 2.36513228390108 2.3667403757133747 2.3689283782616 2.3717294434258234 2.375179561915724 2.379314047813191 2.384163289538288 2.3897475578778145 2.396070490448419 2.403110736015385 2.4108113399764366 2.419067176875634 2.4277126152689728 2.436514746248269 2.4451801144568215 2.453379743668447 2.4607843528552826 2.467093631664422 2.4720547661789913 2.475472593349801 2.477214855958332 0.0 0.0 0.0 0.0 0.0 0.0 0.0 0.0 0.0 0.0 0.0 0.0 0.0 2.5198175169965307 2.51980816801827 2.5197950887181118 2.5197859315993063
2.3636559100036405 2.364155709997584 2.3651657139026367 2.366705950119417 2.368804539808492 2.3714954606890237 2.3748156610082845 2.378801562571965 2.383484943461785 2.388888101049611 2.3950180603785896 2.4018594250582725 2.409365325557571 2.4174459771869303 2.4259550729700723 2.4346766108022324 2.443320191991338 2.451539896353076 2.4589847582278566 2.4653378946914386 2.470336702754716 2.4737812019068492 2.4755371303165603 0.0 0.0 0.0 0.0 0.0 0.0 0.0 0.0 0.0 0.0 0.0 0.0 0.0 2.5136214198771736 2.5136017083503948 2.513574370655972 2.51355537303659
2.3640083720643417 2.3644733545898866 2.3654139635330202 2.366850705836838 2.368812424186602 2.371334088794809 2.374453998224466 2.378210492077815 2.382638272467273 2.387764392126584 2.393603861489038 2.4001545768837005 2.4073907175701263 2.415252680601608 2.423630123386813 2.432334802223154 2.4410694522251113 2.449431858361516 2.457021985466795 2.4634972477298267 2.4685864859352806 2.472089383632372 2.4738737290826136 0.0 0.0 0.0 0.0 0.0 0.0 0.0 0.0 0.0 0.0 0.0 0.0 0.0 2.5065081745506848 2.5064663096818145 2.50640915833498 2.5063699498494683
2.3646708465270714 2.365089913292647 2.365938926870847 2.367238871761559 2.3690193288480934 2.371316321588247 2.3741696481970584 2.3776198793383045 2.381705252181675 2.3864587403583393 2.3919055894625125 2.398061446395551 2.4049304784525365 2.412500574970243 2.42072698878233 2.429485785865801 2.4384779774732053 2.4471506362690256 2.4550124959317188 2.4616930764737974 2.4669230843419943 2.4705122351659567 2.4723372812941404 0.0 0.0 0.0 0.0 0.0 0.0 0.0 0.0 0.0 0.0 0.0 0.0 0.0 2.4984885696601933 2.4983985460530085 2.498279140456656 2.498199000682071
2.365700123945868 2.366063286805343 2.3668007171453476 2.367933850741543 2.3694929571219423 2.3715150208909193 2.374041166387996 2.377113870097288 2.3807743189643022 2.385060446544104 2.3900064431939856 2.3956448748288475 2.4020126547610268 2.4091604952099615 2.4171564373898438 2.426040451522433 2.4356001057316043 2.444833053075504 2.4531132908843243 2.4600746006918546 2.4654815430460526 2.4691732395072776 2.471045169617545 0.0 0.0 0.0 0.0 0.0 0.0 0.0 0.0 0.0 0.0 0.0 0.0 0.0 2.4896212801406974 2.4894235871422232 2.4891747953707615 2.489013877349074
2.367146934214395 2.3674455939975427 2.368054226833406 2.368994677634882 2.370297810076059 2.372001367947625 2.3741473832624163 2.3767793961827026 2.3799398989927285 2.383668683100602 2.3880033030279617 2.392984011473104 2.3986679709752203 2.405162325217281 2.4126907808623703 2.4216808373876693 2.4325514769007404 2.442713886152471 2.4515431767115388 2.458818824156065 2.464404357593896 2.4681931431316557 2.4701079563476886 0.0 0.0 0.0 0.0 0.0 0.0 0.0 0.0 0.0 0.0 0.0 0.0 0.0 2.4800462604807785 2.4795966022834772 2.4790823792948404 2.4787695526279125
2.369052622069818 2.369279783280503 2.369745618778099 2.370472353462341 2.371491366048452 2.37284096639045 2.374563655582897 2.3767030887850953 2.379301072257099 2.382395133241652 2.386017663483123 2.39019885210181 2.3949793364303833 2.400451556853464 2.4069006787693072 2.4153426450557913 2.4298180840840784 2.441252413138217 2.450600540108183 2.458116374248808 2.463822832937386 2.467673137203162 2.469614243142707 0.0 0.0 0.0 0.0 0.0 0.0 0.0 0.0 0.0 0.0 0.0 0.0 0.0 2.470067594216147 2.468985762708863 2.467945807052665 2.4673731239347583
2.371445991770226 2.3715963937390216 2.3719089219715794 2.3724061986446094 2.3731201247720306 2.374089535523973 2.3753572284131073 2.376966490010672 2.3789572630051516 2.381362081038414 2.3842017859106983 2.3874805634022813 2.3911778588405985 2.3952262013204315 2.3994251642687794 2.4030570062476504 0.0 0.0 0.0 0.0 0.0 0.0 0.0 0.0 0.0 0.0 0.0 0.0 0.0 0.0 0.0 0.0 0.0 0.0 0.0 0.0 2.460384944040419 2.457558288707328 2.455577982811594 2.4546460393465805
2.374340533280885 2.374410680480104 2.374562949503749 2.3748204434574673 2.375215723888709 2.37578835736868 2.376581727364944 2.3776391463772333 2.378999242765395 2.380690431924236 2.3827238715151093 2.3850832836767766 2.3877074795338156 2.3904552156249403 2.39302914839345 2.3948266505980933 0.0 0.0 0.0 0.0 0.0 0.0 0.0 0.0 0.0 0.0 0.0 0.0 0.0 0.0 0.0 0.0 0.0 0.0 0.0 0.0 2.452817280281828 2.444600053683544 2.441496781688565 2.4403312406001167
2.3777322482807435 2.377720332757052 2.377708789929816 2.377721347417575 2.3777914883278526 2.3779599542344125 2.3782714521551314 2.3787705520589872 2.3794966826588007 2.380477965641613 2.381723300792075 2.38321152012325 2.38487550815544 2.3865784543148174 2.388082264410139 2.38902854882291 0.0 0.0 0.0 0.0 0.0 0.0 0.0 0.0 0.0 0.0 0.0 0.0 0.0 0.0 0.0 0.0 0.0 0.0 0.0 0.0 0.0 2.4259533949975514 2.424932212685709 2.424316244694944
2.3815982765731767 2.381504001309602 2.3813281248292677 2.3810951688981232 2.380839860428131 2.380604687774199 2.380436664854229 2.3803832865421235 2.380487603791653 2.38078225358631 2.381282153463029 2.381975481435782 2.382812778420386 2.3836953563233725 2.3844687305602363 2.3849379796696035 0.0 0.0 0.0 0.0 0.0 0.0 0.0 0.0 0.0 0.0 0.0 0.0 0.0 0.0 0.0 0.0 0.0 0.0 0.0 0.0 0.0 2.407913880432138 2.4075576497302706 2.407286148605899
2.3858964772955833 2.3857208056478156 2.385382580376397 2.384907261397713 2.3843311093297617 2.383698897726136 2.3830608971708873 2.3824691388357957 2.381972943244335 2.3816136773323087 2.3814187175723345 2.3813947514051788 2.381521073715493 2.381744852897917 2.381982947595419 2.3821383000456 0.0 0.0 0.0 0.0 0.0 0.0 0.0 0.0 0.0 0.0 0.0 0.0 0.0 0.0 0.0 0.0 0.0 0.0 0.0 0.0 0.0 2.389964073793953 2.389835018686886 2.389723678241471
2.390566047193282 2.390310915363646 2.3898142328609295 2.389102460871259 2.3882135537880793 2.387194915226797 2.3861007340455167 2.3849887406851624 2.3839164245025004 2.3829367627467493 2.382093564636687 2.381416699750946 2.3809178762470564 2.3805883884759442 2.380401300088459 2.380321049891846 0.0 0.0 0.0 0.0 0.0 0.0 0.0 0.0 0.0 0.0 0.0 0.0 0.0 0.0 0.0 0.0 0.0 0.0 0.0 0.0 0.0 2.372012602743054 2.371965127122224 2.3719213530256877
2.3955291695470176 2.3951972036835922 2.3945472754380117 2.39360678350537 2.3924153271335795 2.3910229673850703 2.3894880041079136 2.3878743415064414 2.3862485237906244 2.38467653014482 2.383220437196847 2.3819351128238595 2.38086523613621 2.3800431725200624 2.3794885053550927 2.379210023139495 0.0 0.0 0.0 0.0 0.0 0.0 0.0 0.0 0.0 0.0 0.0 0.0 0.0 0.0 0.0 0.0 0.0 0.0 0.0 0.0 0.0 2.354100170610854 2.3540835551513704 2.3540677043717233
2.400693595334036 2.400287872186032 2.3994907381984816 2.3983303108840928 2.396847528282556 2.3950947450665745 2.393133994476159 2.3910350227109327 2.3888732134062076 2.3867275110400135 2.384678409527608 2.382805977119056 2.3811877235326664 2.3798958875873533 2.3789935297193026 2.378528950074177 0.0 0.0 0.0 0.0 0.0 0.0 0.0 0.0 0.0 0.0 0.0 0.0 0.0 0.0 0.0 0.0 0.0 0.0 0.0 0.0 0.0 2.3363030503566757 2.3363001003877653 2.3362972665695274
2.4059559762594236 2.4054798578447194 2.4045420540661535 2.4031710223312266 2.4014084647423823 2.3993082533216543 2.396935173705354 2.394363634525073 2.391676509742604 2.3889642673992553 2.3863244514894433 2.383861356311347 2.3816852677563145 2.3799098659436173 2.3786454308305465 2.3779852372597263 0.0 0.0 0.0 0.0 0.0 0.0 0.0 0.0 0.0 0.0 0.0 0.0 0.0 0.0 0.0 0.0 0.0 0.0 0.0 0.0 0.0 2.3186991811279345 2.3187069063894326 2.3187144465626797
2.4112057083633585 2.410662768637366 2.4095911904714953 2.4080192517435313 2.405988602970646 2.4035534772508482 2.400779858408492 2.397744804512339 2.3945361702440167 2.3912529890117566 2.3880067119274364 2.3849232426681497 2.382145031823807 2.3798310363039374 2.378149781664488 2.377257846588115 0.0 0.0 0.0 0.0 0.0 0.0 0.0 0.0 0.0 0.0 0.0 0.0 0.0 0.0 0.0 0.0 0.0 0.0 0.0 0.0 0.0 2.30135504471961 2.3013813761822375 2.3014066659954673
2.41632901222834 2.4157230589033043 2.4145250271466048 2.4127624006218404 2.410475790424064 2.4077183450665576 2.4045552231234657 2.4010633773074574 2.3973319896978307 2.393463995087948 2.389579201380699 2.3858194575194998 2.382355817690309 2.3793958713702863 2.3771844997045948 2.375980725368979 0.0 0.0 0.0 0.0 0.0 0.0 0.0 0.0 0.0 0.0 0.0 0.0 0.0 0.0 0.0 0.0 0.0 0.0 0.0 0.0 0.0 2.2843172275205625 2.2843894887766307 2.284456728066219
2.4212129746116973 2.4205481535824616 2.4192316563345306 2.4172895310674347 2.414760298390782 2.411694441298156 2.4081539996889396 2.4042125505899365 2.3999559926625484 2.3954847569758178 2.3909183773946485 2.386403816344914 2.3821294711010967 2.378346578074937 2.3753950942427378 2.373709274306241 0.0 0.0 0.0 0.0 0.0 0.0 0.0 0.0 0.0 0.0 0.0 0.0 0.0 0.0 0.0 0.0 0.0 0.0 0.0 0.0 0.0 2.2675968224884517 2.2677920517018686 2.267963221362315
2.4257493059033624 2.4250302610637937 2.4236043137117322 2.421495494456228 2.4187392605773006 2.415381926919711 2.4114801585963423 2.4071007925655916 2.4023214061539684 2.3972323106822655 2.3919411523465524 2.3865823759101263 2.3813361909710506 2.3764667697950776 2.372397886985153 2.369841089275118 0.0 0.0 0.0 0.0 0.0 0.0 0.0 0.0 0.0 0.0 0.0 0.0 0.0 0.0 0.0 0.0 0.0 0.0 0.0 0.0 0.0 2.251124755808183 2.251661376012826 2.2520827833203962
2.429837623555978 2.4290696736573567 2.4275447143150988 2.425284325866502 2.4223201620934693 2.418693192361346 2.4144528769793396 2.4096564684866006 2.404368732198505 2.3986625521144918 2.392621253599072 2.38634441951943 2.3799618274192467 2.373669817588806 2.3678409271391674 2.363408962004587 0.0 0.0 0.0 0.0 0.0 0.0 0.0 0.0 0.0 0.0 0.0 0.0 0.0 0.0 0.0 0.0 0.0 0.0 0.0 0.0 0.0 2.234616806618065 2.23614375387412 2.237119151269738
2.4333881451476245 2.432577434593773 2.430965661057271 2.4285717490035155 2.4254231774038337 2.4215549449813554 2.417008283923684 2.4118292010652627 2.406066927641461 2.399772314382495 2.392996043024294 2.385786020657837 2.3781817148621043 2.3701973753371934 2.3617623121631675 2.352479725906503 2.3405556037578696 0.0 0.0 0.0 0.0 0.0 0.0 0.0 0.0 0.0 0.0 0.0 0.0 0.0 0.0 0.0 0.0 0.0 0.0 0.0 2.2070946610407756 2.2171521054061754 2.2217378253864126 2.223684191627018
2.4363237543728578 2.4354773385379285 2.4337929003976972 2.431286777390489 2.427982354830785 2.4239087282328176 2.419098923835544 2.413587652882269 2.407408500986041 2.400590259691161 2.3931516284003087 2.385092342208538 2.376375846602193 2.366891110661454 2.356361963328237 2.344127900662285 2.328656821061684 2.3068746307009502 2.287415562533306 2.2693209363300797 2.252364350719782 2.2365733207174303 2.2220643958260795 2.208978250480442 2.1974505545618337 2.1875972263796 2.179506304515571 2.1732335292973413 2.168800642719976 2.1661962956822833 2.1653800655890763 2.166290958272688 2.1688636633409604 2.1730606224373172 2.1789413058414993 2.1868312083224546 2.1977934683953184 2.2058292738386176 2.210603302040666 2.212810872172126
2.4385814757641193 2.4377073134632914 2.435966299949872 2.4333725350772424 2.4299458536355836 2.425710218919493 2.4206915223087933 2.414914706341268 2.4084000409427913 2.4011581973430136 2.393183385686688 2.384443077541477 2.3748614651532356 2.3642917319582 2.3524712598248914 2.3389660300996638 2.323189085128271 2.3049085790103754 2.286636710216498 2.2689899733671495 2.2522171824367256 2.236506060219376 2.2220331302922935 2.208963485058294 2.197443312788642 2.1875931638287875 2.1795030044461527 2.17322904622809 2.1687923500351114 2.166179324612698 2.1653443436912334 2.1662148091054614 2.1686989931931455 2.1726960891622267 2.178101922521176 2.1847732958508583 2.192269735782927 2.1985209339395264 2.2027336025902815 2.204818767408496
2.440113447315643 2.4392202905537292 2.4374404941585714 2.434786515550949 2.4312755818953216 2.4269278899655014 2.4217641158164596 2.4158021369147344 2.4090528118940306 2.401514578245162 2.3931665285307413 2.3839595935353692 2.3738057916382704 2.3625671012170573 2.3500508972835523 2.336034166959591 2.3203736345788735 2.3032998919359766 2.2858213361723725 2.268593254452655 2.2520271537080827 2.2364155961536327 2.221990125491833 2.2089429214675085 2.1974331556671287 2.187587442256646 2.1794983489269364 2.1732227286320454 2.1687807012151614 2.166155620120366 2.165294950530994 2.1661114274390347 2.1684827926700856 2.172245984695642 2.177175894873881 2.182926333879488 2.1888959591591353 2.194060410447113 2.197740922752066 2.1996327160101163
2.440887506867538 2.439984696283603 2.4381851726636943 2.4355005253585955 2.431946603716946 2.4275416173635724 2.4223035023995054 2.4162464594222697 2.4093765422503743 2.401686174180075 2.3931475689999946 2.3837054390177146 2.373270534432393 2.3617183325498767 2.348902762526392 2.3347033282214666 2.319128414613876 2.302467245683265 2.2853466788375933 2.268343925966555 2.2519018915880062 2.236354214037979 2.2219604375318505 2.208928579606825 2.1974260281176647 2.187583412297382 2.179495064752808 2.173218276390735 2.168772515569332 2.1661390450296225 2.1652607004495006 2.166040750504464 2.168338468163072 2.1719570962845873 2.1766177752277436 2.1819143674227104 2.187262775148413 2.1919276963177214 2.1953201735291534 2.1970916931609494
0.0 0.0 0.0 0.0 0.0 0.0 0.0 0.0 0.0 0.0 0.0 0.0 0.0 0.0 0.0 0.0 0.0 0.0 0.0 0.0 0.0 0.0 0.0 0.0 0.0 0.0 0.0 0.0 0.0 0.0 0.0 0.0 0.0 0.0 0.0 0.0 0.0 0.0 0.0 0.0
0.0 0.0 0.0 0.0 0.0 0.0 0.0 0.0 0.0 0.0 0.0 0.0 0.0 0.0 0.0 0.0 0.0 0.0 0.0 0.0 0.0 0.0 0.0 0.0 0.0 0.0 0.0 0.0 0.0 0.0 0.0 0.0 0.0 0.0 0.0 0.0 0.0 0.0 0.0 0.0
0.0 0.0 0.0 0.0 0.0 0.0 0.0 0.0 0.0 0.0 0.0 0.0 0.0 0.0 0.0 0.0 0.0 0.0 0.0 0.0 0.0 0.0 0.0 0.0 0.0 0.0 0.0 0.0 0.0 0.0 0.0 0.0 0.0 0.0 0.0 0.0 0.0 0.0 0.0 0.0
0.0 0.0 0.0 0.0 0.0 0.0 0.0 0.0 0.0 0.0 0.0 0.0 0.0 0.0 0.0 0.0 0.0 0.0 0.0 0.0 0.0 0.0 0.0 0.0 0.0 0.0 0.0 0.0 0.0 0.0 0.0 0.0 0.0 0.0 0.0 0.0 0.0 0.0 0.0 0.0
0.0 0.0 0.0 0.0 0.0 0.0 0.0 0.0 0.0 0.0 0.0 0.0 0.0 0.0 0.0 0.0 0.0 0.0 0.0 0.0 0.0 0.0 0.0 0.0 0.0 0.0 0.0 0.0 0.0 0.0 0.0 0.0 0.0 0.0 0.0 0.0 0.0 0.0 0.0 0.0
0.0 0.0 0.0 0.0 0.0 0.0 0.0 0.0 0.0 0.0 0.0 0.0 0.0 0.0 0.0 0.0 0.0 0.0 0.0 0.0 0.0 0.0 0.0 0.0 0.0 0.0 0.0 0.0 0.0 0.0 0.0 0.0 0.0 0.0 0.0 0.0 0.0 0.0 0.0 0.0
0.0 0.0 0.0 0.0 0.0 0.0 0.0 0.0 0.0 0.0 0.0 0.0 0.0 0.0 0.0 0.0 0.0 0.0 0.0 0.0 0.0 0.0 0.0 0.0 0.0 0.0 0.0 0.0 0.0 0.0 0.0 0.0 0.0 0.0 0.0 0.0 0.0 0.0 0.0 0.0
0.0 0.0 0.0 0.0 0.0 0.0 0.0 0.0 0.0 0.0 0.0 0.0 0.0 0.0 0.0 0.0 0.0 0.0 0.0 0.0 0.0 0.0 0.0 0.0 0.0 0.0 0.0 0.0 0.0 0.0 0.0 0.0 0.0 0.0 0.0 0.0 0.0 0.0 0.0 0.0
0.0 0.0 0.0 0.0 0.0 0.0 0.0 0.0 0.0 0.0 0.0 0.0 0.0 0.0 0.0 0.0 0.0 0.0 0.0 0.0 0.0 0.0 0.0 0.0 0.0 0.0 0.0 0.0 0.0 0.0 0.0 0.0 0.0 0.0 0.0 0.0 0.0 0.0 0.0 0.0
0.0 0.0 0.0 0.0 0.0 0.0 0.0 0.0 0.0 0.0 0.0 0.0 0.0 0.0 0.0 0.0 0.0 0.0 0.0 0.0 0.0 0.0 0.0 0.0 0.0 0.0 0.0 0.0 0.0 0.0 0.0 0.0 0.0 0.0 0.0 0.0 0.0 0.0 0.0 0.0
