0.7267619949643167
0.0 1.5224799825396849 1.5245963081190204 1.528132087294697 1.5326492377491134 1.5377639491597377 1.5431129971007833 1.5483644072994054 1.553235859117042 1.5575082551212123 1.5610298739610866 1.5637104378517055 1.5655070822311232 1.5664061713818525 0.0 0.0 0.0 0.0 0.0 0.0 0.0 0.0 0.0 0.0 0.0 0.0 0.0 0.0 0.0 0.0 0.0 0.0 0.0 0.0 0.0 0.0 1.4520924513653921 1.4520924385478178 1.452092420421031 1.4520924076034578
1.5195270979329518 1.5213530203751204 1.5240050122090811 1.527719136378034 1.532303390396967 1.5374441511447823 1.5427999927953517 1.548046410983039 1.552904207151642 1.5571564181088289 1.5606538419668565 1.5633097120525035 1.56508567285584 1.5659728004566322 0.0 0.0 0.0 0.0 0.0 0.0 0.0 0.0 0.0 0.0 0.0 0.0 0.0 0.0 0.0 0.0 0.0 0.0 0.0 0.0 0.0 0.0 1.4530743882594805 1.4530743753070214 1.4530743569894813 1.4530743440370273
1.518972785352346 1.5205134026805125 1.5232574927963094 1.5270665534663403 1.5317085591121025 1.5368767723424341 1.54223747725833 1.547470521606678 1.5522993536038556 1.5565097564669725 1.5599567848357425 1.5625604268764652 1.5642917811854726 1.5651526247899066 0.0 0.0 0.0 0.0 0.0 0.0 0.0 0.0 0.0 0.0 0.0 0.0 0.0 0.0 0.0 0.0 0.0 0.0 0.0 0.0 0.0 0.0 1.454978057478166 1.4549780440999738 1.4549780251803666 1.4549780118021938
1.518238106336359 1.5197051781820763 1.5224667633342912 1.5263193699569912 1.5309971630460824 1.536182957178263 1.5415403895371222 1.5467486318652077 1.5515313588791877 1.5556761574645162 1.55904282766924 1.5615606811546405 1.563215930373998 1.5640301245552675 0.0 0.0 0.0 0.0 0.0 0.0 0.0 0.0 0.0 0.0 0.0 0.0 0.0 0.0 0.0 0.0 0.0 0.0 0.0 0.0 0.0 0.0 1.4576910375324048 1.4576910230584585 1.4576910025892604 1.4576909881153892
1.5175320196692423 1.5189816202261723 1.5217506898446393 1.5256251644010494 1.5303227924476808 1.53551541840806 1.5408599663706974 1.5460311963451323 1.5507500463013364 1.554803619096095 1.5580551155377078 1.5604439464099582 1.5619770931716892 1.5627105087619784 0.0 0.0 0.0 0.0 0.0 0.0 0.0 0.0 0.0 0.0 0.0 0.0 0.0 0.0 0.0 0.0 0.0 0.0 0.0 0.0 0.0 0.0 1.4610630150522543 1.4610629980381 1.4610629739766505 1.4610629569627758
1.5170315585380498 1.5184793741235088 1.5212556574553149 1.5251435923416004 1.5298521022444518 1.5350438572614127 1.5403677226502555 1.545491499870128 1.5501302955348797 1.5540671272508686 1.5571645056217316 1.559368285247774 1.5607074603333213 1.5612926850510882 0.0 0.0 0.0 0.0 0.0 0.0 0.0 0.0 0.0 0.0 0.0 0.0 0.0 0.0 0.0 0.0 0.0 0.0 0.0 0.0 0.0 0.0 1.4649234882377957 1.464923465697929 1.4649234338224766 1.4649234112836438
1.5169042727376645 1.5183549935436627 1.5211391811953026 1.525037616036672 1.5297529906960812 1.53494000303246 1.5402389576983875 1.5453089048053041 1.5498561671347424 1.5536551603262765 1.5565604765354104 1.5585124708612041 1.5595451117541277 1.559824538598561 0.0 0.0 0.0 0.0 0.0 0.0 0.0 0.0 0.0 0.0 0.0 0.0 0.0 0.0 0.0 0.0 0.0 0.0 0.0 0.0 0.0 0.0 1.4690992130889646 1.4690991789583447 1.4690991306930652 1.4690990965662603
1.5173033769491053 1.5187585014972138 1.5215511346080797 1.5254593862875752 1.5301807007522898 1.5353625576314403 1.5406366251268828 1.5456521704267678 1.5501046058349217 1.5537559275092616 1.5564452433638707 1.5580889802522098 1.5586701960425875 1.5582089876655925 1.5566642145283467 0.0 0.0 0.0 0.0 0.0 0.0 0.0 0.0 0.0 0.0 0.0 0.0 0.0 0.0 0.0 0.0 0.0 0.0 0.0 0.0 0.0 1.4734278925658006 1.4734278345727305 1.4734277525681363 1.4734276945891362
1.5183575857349234 1.5198174797040198 1.5226187157938769 1.5265368502555454 1.531264818365494 1.5364436704859104 1.5416968685778625 1.5466638213118076 1.5510284996972328 1.5545397633314444 1.557021155919536 1.5583687054792192 1.5585342811950456 1.5574862091380002 1.5551216399660641 1.5510724670504534 1.5468177941453647 1.5425365850629948 1.5384724941371184 1.5348722696676214 1.5319576628355056 1.52990857636437 1.5288514376447075 0.0 0.0 0.0 0.0 0.0 0.0 0.0 0.0 0.0 0.0 0.0 0.0 0.0 1.4777655680727335 1.4777654613474194 1.4777653104519215 1.4777652037784639
1.5201622317604475 1.5216265587076283 1.5244358341733364 1.528363610520989 1.533099278258795 1.5382785601404612 1.5435176953389607 1.5484470210806889 1.5527398714917566 1.5561335324626362 1.5584402196186529 1.5595473526530945 1.5594076202224207 1.5580215717804549 1.5554255260594494 1.5517455373576143 1.547581245295469 1.5432972547035417 1.5391972413209278 1.535552011676731 1.5325955359566694 1.530514960536527 1.5294410435643866 0.0 0.0 0.0 0.0 0.0 0.0 0.0 0.0 0.0 0.0 0.0 0.0 0.0 1.4819867636213457 1.4819865575891547 1.4819862663518337 1.4819860605106412
1.5227737385142803 1.5242414063391925 1.527056974486404 1.5309929140834921 1.535736387740232 1.5409192857577168 1.5461520785741572 1.5510573429080217 1.555299070172936 1.5586047368562896 1.5607784685741655 1.5617052779658076 1.561348321982186 1.5597440745726578 1.5570058845775403 1.5533542230490658 1.549172698527444 1.5448218753473433 1.540628662776901 1.5368850868656085 1.5338413480629767 1.5316962774616347 1.530588235568687 0.0 0.0 0.0 0.0 0.0 0.0 0.0 0.0 0.0 0.0 0.0 0.0 0.0 1.4859782828733512 1.485977874306038 1.4859772970076637 1.4859768891434462
1.5262076578064696 1.527676626867012 1.530495056695195 1.534435579547054 1.5391848117255622 1.5443726892526934 1.5496057240472418 1.5545002654882292 1.5587121258224585 1.5619598037343438 1.5640398797046613 1.564834748121956 1.5643145129491978 1.5625364732263405 1.559646588714344 1.555884588234902 1.5515781913454254 1.5470767085639854 1.542719110060211 1.5388160390278247 1.535635633466644 1.5333911746677584 1.5322309347315364 0.0 0.0 0.0 0.0 0.0 0.0 0.0 0.0 0.0 0.0 0.0 0.0 0.0 1.4896292015643597 1.4896283790347427 1.4896272176620304 1.4896263977195137
1.5304394369245533 1.531906507986992 1.5347222132394744 1.538660870323021 1.5434105791613364 1.5486015623452027 1.5538384850043958 1.5587331157284536 1.5629339682882704 1.5661503953342226 1.5681698313634977 1.5688682430909753 1.56821502701874 1.5662742144696942 1.5632032709933665 1.5592478812154817 1.5547252992584397 1.549987485756871 1.5453888038100867 1.5412606726322822 1.5378916169936794 1.5355116764958037 1.5342807457552983 0.0 0.0 0.0 0.0 0.0 0.0 0.0 0.0 0.0 0.0 0.0 0.0 0.0 1.4928206057992537 1.4928189348818508 1.492816578734717 1.4928149173341796
1.5354065330286435 1.536867166591486 1.5396720191709456 1.5435988717766482 1.5483396709013606 1.5535275324266988 1.5587677173098335 1.5636692526777711 1.5678741436407206 1.571081883740224 1.573068056353331 1.573696953418642 1.5729289873535592 1.5708238660835214 1.567539653836171 1.5633257813094403 1.5585058390804931 1.5534477703453544 1.548529797105061 1.5441095006147043 1.5404992099766566 1.5379477965063648 1.536627926868743 0.0 0.0 0.0 0.0 0.0 0.0 0.0 0.0 0.0 0.0 0.0 0.0 0.0 1.4954187476852565 1.4954153327573316 1.4954105288863533 1.4954071489634684
1.5410104394736122 1.5424586420924447 1.5452417236050584 1.5491429323668273 1.5538607431001923 1.5590341596251587 1.5642719002765724 1.5691824786297481 1.5734024520103265 1.5766207982304974 1.5785983362021598 1.5791820853792589 1.578315174838693 1.5760430469775812 1.5725158961127994 1.5679852793122926 1.5627902083897833 1.5573278228289889 1.5520115284614349 1.5472322514702648 1.54332963612508 1.5405726064150156 1.53914677244845 0.0 0.0 0.0 0.0 0.0 0.0 0.0 0.0 0.0 0.0 0.0 0.0 0.0 1.4972745324012509 1.4972675190058744 1.4972576958268573 1.4972508111953295
1.5471176052739097 1.548545919148758 1.5512934733885186 1.5551511737123962 1.5598269941240588 1.5649692230653525 1.5701934162771396 1.5751104254518462 1.5793531131563894 1.5825999719330068 1.5845947041751451 1.5851617151287025 1.5842182504139934 1.5817843603296775 1.5779915204691806 1.5730884347708558 1.5674366372157968 1.5614806426595802 1.5556847763212804 1.550481391738475 1.5462394410707057 1.5432469125663677 1.5417007086420167 0.0 0.0 0.0 0.0 0.0 0.0 0.0 0.0 0.0 0.0 0.0 0.0 0.0 1.4982308975132537 1.4982164195733643 1.4981963014401631 1.4981822972426715
1.5535589907492062 1.5549586254226069 1.5576542818381085 1.5614468325759723 1.5660569438384564 1.5711459565134844 1.5763402177431718 1.58125659547303 1.5855271168173177 1.588821173446851 1.590864431006925 1.59145439171062 1.5904735344093073 1.5879022432315724 1.583835130289453 1.578503640672393 1.57229730270976 1.5657434957186367 1.5593818996113271 1.5536932846171827 1.5490731917094844 1.5458232163176078 1.5441469158560666 0.0 0.0 0.0 0.0 0.0 0.0 0.0 0.0 0.0 0.0 0.0 0.0 0.0 1.4981381984243658 1.4981081001144643 1.4980668801958557 1.4980385253507738
1.5601289015586879 1.5614900426469807 1.5641153749845738 1.5678180613284023 1.5723347462805297 1.5773438472846142 1.5824869816552427 1.587391626762061 1.5916932645477513 1.5950556098824649 1.5971879698323568 1.5978593328313544 1.5969097670018448 1.594262073776635 1.5899420817026653 1.5841247053097753 1.577220573235063 1.5699316891157205 1.5629112900801054 1.556686449044049 1.551665158580883 1.5481495123315046 1.5463410653223877 0.0 0.0 0.0 0.0 0.0 0.0 0.0 0.0 0.0 0.0 0.0 0.0 0.0 1.4968768331319722 1.496813545227073 1.4967291643888099 1.4966722947563893
1.5665845356442336 1.5678968505522504 1.570432308798378 1.5740185501147121 1.578411373231375 1.5833103228499636 1.5883770764576468 1.5932551004101871 1.597589132029468 1.601043192190665 1.603315887496158 1.604151647976099 1.6033465758775425 1.6007493519426081 1.596266733965966 1.5899153973374274 1.5820413521276666 1.5738162550154913 1.566043705212449 1.559257944693345 1.5538418035402592 1.5500745507715366 1.5481435319938595 0.0 0.0 0.0 0.0 0.0 0.0 0.0 0.0 0.0 0.0 0.0 0.0 0.0 1.4943869184914746 1.4942512084091135 1.494079017343381 1.4939669413767591
1.5726481345341585 1.573901468544505 1.5763276752270285 1.5797707332281656 1.5840083861550702 1.5887650314820747 1.593727092669348 1.5985597410834496 1.6029238769512375 1.6064922509104955 1.6089632437941914 1.610069728776246 1.6095780262029082 1.6072676167357207 1.6028786913291764 1.5960441371320457 1.5865193163862805 1.5770662485643148 1.5684906314264482 1.5611829099578145 1.5554292378463717 1.551457147572661 1.5494287831961462 0.0 0.0 0.0 0.0 0.0 0.0 0.0 0.0 0.0 0.0 0.0 0.0 0.0 1.4907086290545355 1.490407651282771 1.490059188823516 1.489845253357604
1.5780135870100553 1.5791988082480541 1.581498147549613 1.5847732555288858 1.5888259125942807 1.5934083308696307 1.5982356688098607 1.6030000560127775 1.6073854877689195 1.611082896423536 1.613804260555256 1.6152932237576165 1.6153257643156607 1.61368177984097 1.6100198455652182 1.6033767161594445 1.5900291290800344 1.5791278437429392 1.5698917482488215 1.5622316247780088 1.556272510176761 1.5521820844156173 1.5500988241477744 0.0 0.0 0.0 0.0 0.0 0.0 0.0 0.0 0.0 0.0 0.0 0.0 0.0 1.4860491097451332 1.4853436360276566 1.4846535691966032 1.484268663624123
1.5823587313352383 1.5834686461179779 1.5856270061199873 1.5887137545634182 1.5925558073077433 1.5969349520661813 1.6015977306053704 1.6062670385696256 1.6106553166885365 1.614479298530587 1.617476264847944 1.6194218137235585 1.620150395860458 1.619587185106617 1.6178354319878663 1.6155336427520282 0.0 0.0 0.0 0.0 0.0 0.0 0.0 0.0 0.0 0.0 0.0 0.0 0.0 0.0 0.0 0.0 0.0 0.0 0.0 0.0 1.4809319299099317 1.479134922708807 1.4778472032233883 1.4772305762039748
1.5853635247266238 1.5863937538007016 1.588402221623755 1.5912869499741402 1.5948998915559265 1.5990526535235445 1.6035239837161739 1.6080691352857757 1.6124314224995073 1.6163564596934465 1.6196097565281145 1.6219988080064078 1.623402483332488 1.6238155211804186 1.623427137357181 1.622759816169666 0.0 0.0 0.0 0.0 0.0 0.0 0.0 0.0 0.0 0.0 0.0 0.0 0.0 0.0 0.0 0.0 0.0 0.0 0.0 0.0 1.4766284609247198 1.4715216080948126 1.469539353844214 1.4687770355784247
1.5867329251825366 1.5876826150499783 1.5895388872577503 1.592216763092262 1.595591877404936 1.5995042838673252 1.6037637852346198 1.6081571834985078 1.6124580405261748 1.6164396733605861 1.6198921455646909 1.6226440115713754 1.6245896381046774 1.625722743121037 1.6261733647346346 1.6262259447257943 0.0 0.0 0.0 0.0 0.0 0.0 0.0 0.0 0.0 0.0 0.0 0.0 0.0 0.0 0.0 0.0 0.0 0.0 0.0 0.0 0.0 1.4602380853927712 1.4595709138701496 1.4591616101697753
1.5862220964256748 1.5870943458107607 1.5888036183997323 1.5912800614309033 1.59442048100369 1.5980905205223888 1.6021281075128135 1.6063487353066763 1.6105532967864566 1.6145392084375032 1.6181153612043166 1.6211209175002699 1.623446965636433 1.625057972103322 1.6260052158967937 1.6264141289342606 0.0 0.0 0.0 0.0 0.0 0.0 0.0 0.0 0.0 0.0 0.0 0.0 0.0 0.0 0.0 0.0 0.0 0.0 0.0 0.0 0.0 1.449677106500287 1.4494383419092205 1.449254141592484
1.5836607488127747 1.584462661560145 1.5860378157216402 1.5883289732599164 1.5912506753227018 1.5946901246944707 1.5985090825244992 1.602547430582182 1.6066291451744898 1.610571347721229 1.6141967322743331 1.6173489162133228 1.6199089992020788 1.6218096809284435 1.6230405615533996 1.6236355488740282 0.0 0.0 0.0 0.0 0.0 0.0 0.0 0.0 0.0 0.0 0.0 0.0 0.0 0.0 0.0 0.0 0.0 0.0 0.0 0.0 0.0 1.4400383327563646 1.439949170398314 1.4398715641960482
1.5789733076345438 1.579715636018872 1.581176633736393 1.5833087420870728 1.5860401871004142 1.5892749315443622 1.5928934192619721 1.5967547868185683 1.6007012673525653 1.6045653710705143 1.6081800059482005 1.6113909388250032 1.6140698912015163 1.6161252387154452 1.6175061513440452 1.618196187717505 0.0 0.0 0.0 0.0 0.0 0.0 0.0 0.0 0.0 0.0 0.0 0.0 0.0 0.0 0.0 0.0 0.0 0.0 0.0 0.0 0.0 1.431805677771803 1.4317710073003962 1.4317387881013426
1.5721921949044562 1.5728886002912676 1.574261127008276 1.5762687723178876 1.578849121702191 1.5819177535234388 1.585368270188229 1.589073612722475 1.5928893375933675 1.5966593754391856 1.6002243869745794 1.6034321618711251 1.6061486391697644 1.6082672749023164 1.6097140805639811 1.6104464256593902 0.0 0.0 0.0 0.0 0.0 0.0 0.0 0.0 0.0 0.0 0.0 0.0 0.0 0.0 0.0 0.0 0.0 0.0 0.0 0.0 0.0 1.4255254360693026 1.425510338971474 1.4254957725634423
1.5634626411893482 1.5641286573664308 1.5654421670811052 1.567365641081853 1.5698417468315429 1.5727925811981622 1.5761194314411453 1.5797036723685363 1.5834094158181904 1.5870883774112505 1.590587072304177 1.5937558989157363 1.5964589962807105 1.5985831539074935 1.6000438339307441 1.6007869695568788 0.0 0.0 0.0 0.0 0.0 0.0 0.0 0.0 0.0 0.0 0.0 0.0 0.0 0.0 0.0 0.0 0.0 0.0 0.0 0.0 0.0 1.4217012512704772 1.4216910151726627 1.4216809440318312
1.5530387781136907 1.5536906032020783 1.5549760062477966 1.556858089780429 1.5592806529804002 1.562167593679978 1.5654228066107396 1.568931110908431 1.572560743759076 1.5761678286013971 1.579602938485039 1.582719437034082 1.5853827474662148 1.5874791810214641 1.5889226176678484 1.5896574653147946 0.0 0.0 0.0 0.0 0.0 0.0 0.0 0.0 0.0 0.0 0.0 0.0 0.0 0.0 0.0 0.0 0.0 0.0 0.0 0.0 0.0 1.4207297169791067 1.4207144343321543 1.420699436352513
1.5412719414517422 1.541925199761442 1.543212468804746 1.5450950398673668 1.547514440696896 1.550392292545127 1.5536306864744218 1.5571135134939347 1.5607091867428753 1.5642750952954563 1.567663915629147 1.57073159235385 1.573346410964974 1.5753981152204757 1.5768053836385059 1.5775191508111812 0.0 0.0 0.0 0.0 0.0 0.0 0.0 0.0 0.0 0.0 0.0 0.0 0.0 0.0 0.0 0.0 0.0 0.0 0.0 0.0 0.0 1.4228582953895759 1.4228229290300882 1.4227888123346897
1.5285928800779678 1.529261485617355 1.530577439944452 1.5324982890102476 1.5349605878224148 1.5378804299295967 1.5411545585253767 1.544662373066981 1.5482691472134562 1.5518307040401813 1.5551996599528464 1.558233187439887 1.560802094761017 1.5628007883078823 1.5641568690867578 1.5648364875682568 0.0 0.0 0.0 0.0 0.0 0.0 0.0 0.0 0.0 0.0 0.0 0.0 0.0 0.0 0.0 0.0 0.0 0.0 0.0 0.0 0.0 1.4281650768363894 1.4280740715662263 1.4279889963910002
1.5154898307394298 1.516185055473817 1.5175515292705586 1.5195416895383482 1.522085208500972 1.5250903411946053 1.528445941986354 1.532024323220065 1.5356851210108802 1.5392802762808921 1.542660164734313 1.545680912052502 1.548213169180268 1.5501532024669387 1.55143748691469 1.5520583664102061 0.0 0.0 0.0 0.0 0.0 0.0 0.0 0.0 0.0 0.0 0.0 0.0 0.0 0.0 0.0 0.0 0.0 0.0 0.0 0.0 0.0 1.4365689518380311 1.4363279987681978 1.4361152854827826
1.5024842670525633 1.5032140788630322 1.504646604817475 1.5067283975519699 1.5093811543755786 1.512503963699195 1.5159763226629923 1.5196619472261088 1.5234133622948696 1.5270771794613043 1.5304998807536303 1.5335339720411658 1.5360449316986895 1.5379213849127782 1.5390961712002544 1.5395939696420866 0.0 0.0 0.0 0.0 0.0 0.0 0.0 0.0 0.0 0.0 0.0 0.0 0.0 0.0 0.0 0.0 0.0 0.0 0.0 0.0 0.0 1.4478936486354723 1.4472405190145745 1.446721854615295
1.4901057565508855 1.4908744536764165 1.492381518227949 1.4945674035810097 1.4973455257608046 1.5006054310795305 1.5042168529967772 1.5080345318101231 1.5119036019863277 1.5156652097638352 1.519161797920508 1.5222412340045703 1.524758933145508 1.5265787213060085 1.5275836543485672 1.5277654186737233 0.0 0.0 0.0 0.0 0.0 0.0 0.0 0.0 0.0 0.0 0.0 0.0 0.0 0.0 0.0 0.0 0.0 0.0 0.0 0.0 0.0 1.4620535769014837 1.4602201864675577 1.459026758621402
1.47886697530773 1.4796751129050045 1.481257978355351 1.483550213181556 1.486457347147303 1.4898598595378503 1.4936182671608285 1.4975789943854896 1.5015806893426447 1.5054604571273522 1.5090590973788591 1.512223640197638 1.5148035071147232 1.516630508797818 1.5174501663323257 1.5166765140239487 1.512408288643406 0.0 0.0 0.0 0.0 0.0 0.0 0.0 0.0 0.0 0.0 0.0 0.0 0.0 0.0 0.0 0.0 0.0 0.0 0.0 1.4907956485294014 1.4795803913540415 1.4741519782901624 1.4717672715851804
1.4692396902067046 1.4700842737289235 1.4717373218056449 1.4741283686087203 1.4771560297308488 1.4806928794052883 1.484591509626164 1.488691456650059 1.4928266046063239 1.4968325216791536 1.5005528964023411 1.5038437422103972 1.5065732042634088 1.5086136903972318 1.5098240714052054 1.510042003324394 1.5092718946474932 1.5092830382036784 1.5116202761243815 1.5155928903115465 1.52076290246966 1.5267432630475983 1.533138078435565 1.5395359829353052 1.5455258386420243 1.5507208450175338 1.5547827827263914 1.5574408557909836 1.5585018372816586 1.5578504084232623 1.5554403393220506 1.5512777407712695 1.5453959531362713 1.5378156480883283 1.528467234737202 1.517003861837836 1.5022694076161516 1.492048780555979 1.4859607927427247 1.4831207761436125
1.461632476218298 1.4625073849313552 1.46421891458557 1.466692516408953 1.4698212965235669 1.473471576733034 1.477489793111578 1.4817103928391997 1.4859643566875858 1.4900879135701828 1.493930929297949 1.4973644242887623 1.5002869833734829 1.502631378823814 1.5043784399573326 1.5056028529466434 1.5066148116187987 1.5082395523373462 1.5111739506067872 1.5153908651484702 1.5206682526384847 1.5266980554036675 1.5331163383050197 1.5395256850327474 1.545521407954032 1.5507198968418368 1.554784770878218 1.5574467500285591 1.5585146184802658 1.5578766569413287 1.555493864333048 1.5513876014213566 1.5456247696796226 1.538304300951794 1.529554930559847 1.5195896261289752 1.5090327371747154 1.5005283403039942 1.4948545539656781 1.492050781878457
1.456371038437335 1.457267637332023 1.459021039312322 1.4615538605678369 1.4647553940157243 1.4684876656030112 1.4725929565665465 1.4769024522422776 1.4812456880925602 1.4854604851296938 1.4894031289597558 1.4929587523907706 1.496052447668963 1.4986629386380996 1.500843115036237 1.502754493712069 1.504716438687626 1.5072156498537803 1.5106552761738785 1.5151337783627616 1.5205418032525377 1.526636064721646 1.533086108001711 1.5395112590123536 1.545515178420411 1.5507185638419116 1.554787577674845 1.5574550584039017 1.558532589686917 1.5579133885964378 1.5555680987043297 1.5515374408956193 1.5459272442365863 1.5389135297749343 1.5307704929467099 1.5219462812727833 1.5132238001915856 1.5058968793096017 1.5007505112998347 1.498121836028186
1.4536821370090993 1.4545900329569867 1.4563652571126564 1.4589289759576398 1.4621685371074584 1.465943786602252 1.4700949245861816 1.474451565509722 1.4788427039897831 1.4831073515130009 1.487105731303419 1.4907311731188815 1.493923315700621 1.4966838245843805 1.4990958613796015 1.5013455450658282 1.503731918230026 1.5066262465566398 1.5103323436821048 1.5149653133725753 1.5204562881257022 1.526593345039339 1.5330650457841608 1.539501145701785 1.5455107973363353 1.5507176265459348 1.554789559075661 1.5574609150756864 1.558545229326388 1.5579391160116207 1.555619709413655 1.5516402722815583 1.546130253648352 1.539307428516455 1.531510172822961 1.52325305210513 1.5152823892339615 1.5085228161455988 1.5036855864583893 1.5011800431299769
0.0 0.0 0.0 0.0 0.0 0.0 0.0 0.0 0.0 0.0 0.0 0.0 0.0 0.0 0.0 0.0 0.0 0.0 0.0 0.0 0.0 0.0 0.0 0.0 0.0 0.0 0.0 0.0 0.0 0.0 0.0 0.0 0.0 0.0 0.0 0.0 0.0 0.0 0.0 0.0
0.0 0.0 0.0 0.0 0.0 0.0 0.0 0.0 0.0 0.0 0.0 0.0 0.0 0.0 0.0 0.0 0.0 0.0 0.0 0.0 0.0 0.0 0.0 0.0 0.0 0.0 0.0 0.0 0.0 0.0 0.0 0.0 0.0 0.0 0.0 0.0 0.0 0.0 0.0 0.0
0.0 0.0 0.0 0.0 0.0 0.0 0.0 0.0 0.0 0.0 0.0 0.0 0.0 0.0 0.0 0.0 0.0 0.0 0.0 0.0 0.0 0.0 0.0 0.0 0.0 0.0 0.0 0.0 0.0 0.0 0.0 0.0 0.0 0.0 0.0 0.0 0.0 0.0 0.0 0.0
0.0 0.0 0.0 0.0 0.0 0.0 0.0 0.0 0.0 0.0 0.0 0.0 0.0 0.0 0.0 0.0 0.0 0.0 0.0 0.0 0.0 0.0 0.0 0.0 0.0 0.0 0.0 0.0 0.0 0.0 0.0 0.0 0.0 0.0 0.0 0.0 0.0 0.0 0.0 0.0
0.0 0.0 0.0 0.0 0.0 0.0 0.0 0.0 0.0 0.0 0.0 0.0 0.0 0.0 0.0 0.0 0.0 0.0 0.0 0.0 0.0 0.0 0.0 0.0 0.0 0.0 0.0 0.0 0.0 0.0 0.0 0.0 0.0 0.0 0.0 0.0 0.0 0.0 0.0 0.0
0.0 0.0 0.0 0.0 0.0 0.0 0.0 0.0 0.0 0.0 0.0 0.0 0.0 0.0 0.0 0.0 0.0 0.0 0.0 0.0 0.0 0.0 0.0 0.0 0.0 0.0 0.0 0.0 0.0 0.0 0.0 0.0 0.0 0.0 0.0 0.0 0.0 0.0 0.0 0.0
0.0 0.0 0.0 0.0 0.0 0.0 0.0 0.0 0.0 0.0 0.0 0.0 0.0 0.0 0.0 0.0 0.0 0.0 0.0 0.0 0.0 0.0 0.0 0.0 0.0 0.0 0.0 0.0 0.0 0.0 0.0 0.0 0.0 0.0 0.0 0.0 0.0 0.0 0.0 0.0
0.0 0.0 0.0 0.0 0.0 0.0 0.0 0.0 0.0 0.0 0.0 0.0 0.0 0.0 0.0 0.0 0.0 0.0 0.0 0.0 0.0 0.0 0.0 0.0 0.0 0.0 0.0 0.0 0.0 0.0 0.0 0.0 0.0 0.0 0.0 0.0 0.0 0.0 0.0 0.0
0.0 0.0 0.0 0.0 0.0 0.0 0.0 0.0 0.0 0.0 0.0 0.0 0.0 0.0 0.0 0.0 0.0 0.0 0.0 0.0 0.0 0.0 0.0 0.0 0.0 0.0 0.0 0.0 0.0 0.0 0.0 0.0 0.0 0.0 0.0 0.0 0.0 0.0 0.0 0.0
0.0 0.0 0.0 0.0 0.0 0.0 0.0 0.0 0.0 0.0 0.0 0.0 0.0 0.0 0.0 0.0 0.0 0.0 0.0 0.0 0.0 0.0 0.0 0.0 0.0 0.0 0.0 0.0 0.0 0.0 0.0 0.0 0.0 0.0 0.0 0.0 0.0 0.0 0.0 0.0
